7	3	1	1
7	3	1	2
7	3	1	3
7	3	1	4
7	3	1	5
7	3	1	6
7	3	2	7
7	3	3	472
7	3	3	473
7	3	3	474
7	3	3	475
7	3	3	476
7	3	3	477
7	3	3	478
7	3	3	479
7	3	3	480
7	3	3	481
7	3	3	482
7	3	3	483
7	3	3	484
7	3	3	485
7	3	3	486
7	3	3	487
7	3	3	488
7	3	3	489
7	3	3	490
7	3	3	491
7	3	3	492
7	3	3	493
7	3	3	494
7	3	3	495
7	3	3	496
7	3	3	497
7	3	3	498
7	3	3	499
7	3	3	500
7	3	3	501
7	3	3	502
7	3	3	503
7	3	3	504
7	3	3	505
7	3	3	506
7	3	3	507
7	3	3	508
7	3	3	509
7	3	3	510
7	3	3	511
7	3	3	512
7	3	3	513
7	3	3	514
7	3	3	515
7	3	3	516
7	3	3	517
7	3	3	518
7	3	3	519
7	3	3	520
7	3	3	521
7	3	3	522
7	3	3	523
7	3	3	524
7	3	3	525
7	3	3	526
7	3	3	527
7	3	3	528
7	3	3	529
7	3	3	530
7	3	3	531
7	3	3	532
7	3	3	533
7	3	3	534
7	3	3	535
7	3	3	536
7	3	3	537
7	3	3	538
7	3	3	539
7	3	3	540
7	3	3	541
7	3	3	542
7	3	3	543
7	3	3	544
7	3	3	545
7	3	3	546
7	3	3	547
7	3	3	548
7	3	3	549
7	3	3	550
7	3	3	551
7	3	3	552
7	3	3	553
7	3	3	554
7	3	3	555
7	3	3	556
7	3	3	557
7	3	3	558
7	3	3	559
7	3	3	560
7	3	3	561
7	3	3	562
7	3	3	563
7	3	3	564
7	3	3	565
7	3	3	566
7	3	3	567
7	3	3	568
7	3	3	569
7	3	3	570
7	3	3	571
7	3	3	572
7	3	3	573
7	3	3	574
7	3	3	575
7	3	3	576
7	3	3	577
7	3	3	578
7	3	3	579
7	3	3	580
7	3	3	581
7	3	3	582
7	3	3	583
7	3	3	584
7	3	3	585
7	3	3	586
7	3	3	587
7	3	3	588
7	3	3	589
7	3	3	590
7	3	3	591
7	3	3	592
7	3	3	593
7	3	3	594
7	3	3	595
7	3	3	596
7	3	3	597
7	3	3	598
7	3	3	599
7	3	3	600
7	3	3	601
7	3	3	602
7	3	3	603
7	3	3	604
7	3	3	605
7	3	3	606
7	3	3	607
7	3	3	608
7	3	3	609
7	3	3	610
7	3	3	611
7	3	3	612
7	3	3	613
7	3	3	614
7	3	3	615
7	3	3	616
7	3	3	617
7	3	3	618
7	3	3	619
7	3	3	620
7	3	3	621
7	3	3	622
7	3	3	623
7	3	3	624
7	3	3	625
7	3	3	626
7	3	3	627
7	3	3	628
7	3	3	629
7	3	3	630
7	3	3	631
7	3	3	632
7	3	3	633
7	3	3	634
7	3	3	635
7	3	3	636
7	3	3	637
7	3	3	638
7	3	3	639
7	3	3	640
7	3	3	641
7	3	3	642
7	3	3	643
7	3	3	644
7	3	3	645
7	3	3	646
7	3	3	647
7	3	3	648
7	3	3	649
7	3	3	650
7	3	3	651
7	3	3	652
7	3	3	653
7	3	3	654
7	3	3	655
7	3	3	656
7	3	3	657
7	3	3	658
7	3	3	659
7	3	3	660
7	3	3	661
7	3	3	662
7	3	3	663
7	3	3	664
7	3	3	665
7	3	3	666
7	3	3	667
7	3	3	668
7	3	3	669
7	3	3	670
7	3	3	671
7	3	3	672
7	3	3	673
7	3	3	674
7	3	3	675
7	3	3	676
7	3	3	677
7	3	3	678
7	3	3	679
7	3	3	680
7	3	3	681
7	3	3	682
7	3	3	683
7	3	3	684
7	3	3	685
7	3	3	686
7	3	3	687
7	3	3	688
7	3	3	689
7	3	3	690
7	3	3	691
7	3	3	692
7	3	3	693
7	3	3	694
7	3	3	695
7	3	3	696
7	3	3	697
7	3	3	698
7	3	3	699
7	3	3	700
7	3	3	701
7	3	3	702
7	3	3	703
7	3	3	704
7	3	3	705
7	3	3	706
7	3	3	707
7	3	3	708
7	3	3	709
7	3	3	710
7	3	3	711
7	3	3	712
7	3	3	713
7	3	3	714
7	3	3	715
7	3	3	716
7	3	3	717
7	3	3	718
7	3	3	719
7	3	3	720
7	3	3	721
7	3	3	722
7	3	3	723
7	3	3	724
7	3	3	725
7	3	3	726
7	3	3	727
7	3	3	728
7	3	3	729
7	3	3	730
7	3	3	731
7	3	3	732
7	3	3	733
7	3	3	734
7	3	3	735
7	3	3	736
7	3	3	737
7	3	3	738
7	3	3	739
7	3	3	740
7	3	3	741
7	3	3	742
7	3	3	743
7	3	3	744
7	3	3	745
7	3	3	746
7	3	3	747
7	3	3	748
7	3	3	749
7	3	3	750
7	3	3	751
7	3	3	752
7	3	3	753
7	3	3	754
7	3	3	755
7	3	3	756
7	3	3	757
7	3	3	758
7	3	3	759
7	3	3	760
7	3	3	761
7	3	3	762
7	3	3	763
7	3	3	764
7	3	3	765
7	3	3	766
7	3	3	767
7	3	3	768
7	3	3	769
7	3	3	770
7	3	3	771
7	3	3	772
7	3	3	773
7	3	3	774
7	3	3	775
7	3	3	776
7	3	3	777
7	3	3	778
7	3	3	779
7	3	3	780
7	3	3	781
7	3	3	782
7	3	3	783
7	3	3	784
7	3	3	785
7	3	3	786
7	3	3	787
7	3	3	788
7	3	3	789
7	3	3	790
7	3	3	791
7	3	3	792
7	3	3	793
7	3	3	794
7	3	3	795
7	3	3	796
7	3	3	797
7	3	3	798
7	3	3	799
7	3	3	800
7	3	3	801
7	3	3	802
7	3	3	803
7	3	3	804
7	3	3	805
7	3	3	806
7	3	3	807
7	3	3	808
7	3	3	809
7	3	3	810
7	3	3	811
7	3	3	812
7	3	3	813
7	3	3	814
7	3	3	815
7	3	3	816
7	3	3	817
7	3	3	818
7	3	3	819
7	3	3	820
7	3	3	821
7	3	3	822
7	3	3	823
7	3	3	824
7	3	3	825
7	3	3	826
7	3	3	827
7	3	3	828
7	3	3	829
7	3	3	830
7	3	3	831
7	3	3	832
7	3	3	833
7	3	3	834
7	3	3	835
7	3	3	836
7	3	3	837
7	3	3	838
7	3	3	839
7	3	3	840
7	3	3	841
7	3	3	842
7	3	3	843
7	3	3	844
7	3	3	845
7	3	3	846
7	3	3	847
7	3	3	848
7	3	3	849
7	3	3	850
7	3	3	851
7	3	3	852
7	3	3	853
7	3	3	854
7	3	3	855
7	3	3	856
7	3	3	857
7	3	3	858
7	3	3	859
7	3	3	860
7	3	3	861
7	3	3	862
7	3	3	863
7	3	3	864
7	3	3	865
7	3	3	866
7	3	3	867
7	3	3	868
7	3	3	869
7	3	3	870
7	3	3	871
7	3	3	872
7	3	3	873
7	3	3	874
7	3	3	875
7	3	3	876
7	3	3	877
7	3	3	878
7	3	3	879
7	3	3	880
7	3	3	881
7	3	3	882
7	3	3	883
7	3	3	884
7	3	3	885
7	3	3	886
7	3	3	887
7	3	3	888
7	3	3	889
7	3	3	890
7	3	3	891
7	3	3	892
7	3	3	893
7	3	3	894
7	3	3	895
7	3	3	896
7	3	3	897
7	3	3	898
7	3	3	899
7	3	3	900
7	3	3	901
7	3	3	902
7	3	3	903
7	3	3	904
7	3	3	905
7	3	3	906
7	3	3	907
7	3	3	908
7	3	3	909
7	3	3	910
7	3	3	911
7	3	3	912
7	3	3	913
7	3	3	914
7	3	3	915
7	3	3	916
7	3	3	917
7	3	3	918
7	3	3	919
7	3	3	920
7	3	3	921
7	3	3	922
7	3	3	923
7	3	3	924
7	3	3	925
7	3	3	926
7	3	3	927
7	3	3	928
7	3	3	929
7	3	3	930
7	3	3	931
7	3	3	932
7	3	3	933
7	3	3	934
7	3	3	935
7	3	3	936
7	3	3	937
7	3	3	938
7	3	3	939
7	3	3	940
7	3	3	941
7	3	3	942
7	3	3	943
7	3	3	944
7	3	3	945
7	3	3	946
7	3	3	947
7	3	3	948
7	3	3	949
7	3	3	950
7	3	3	951
7	3	3	952
7	3	3	953
7	3	3	954
7	3	3	955
7	3	3	956
7	3	3	957
7	3	3	958
7	3	3	959
7	3	3	960
7	3	3	961
7	3	3	962
7	3	3	963
7	3	3	964
7	3	3	965
7	3	3	966
7	3	3	967
7	3	3	968
7	3	3	969
7	3	3	970
7	3	3	971
7	3	3	972
7	3	3	973
7	3	3	974
7	3	3	975
7	3	3	976
7	3	3	977
7	3	3	978
7	3	3	979
7	3	3	980
7	3	3	981
7	3	3	982
7	3	3	983
7	3	3	984
7	3	3	985
7	3	3	986
7	3	3	987
7	3	3	988
7	3	3	989
7	3	3	990
7	3	3	991
7	3	3	992
7	3	3	993
7	3	3	994
7	3	3	995
7	3	3	996
7	3	3	997
7	3	3	998
7	3	3	999
7	3	3	1000
7	3	3	1001
7	3	3	1002
7	3	3	1003
7	3	3	1004
7	3	3	1005
7	3	3	1006
7	3	3	1007
7	3	3	1008
7	3	3	1009
7	3	3	1010
7	3	3	1011
7	3	3	1012
7	3	3	1013
7	3	3	1014
7	3	3	1015
7	3	3	1016
7	3	3	1017
7	3	3	1018
7	3	3	1019
7	3	3	1020
7	3	3	1021
7	3	3	1022
7	3	3	1023
7	3	3	1024
7	3	3	1025
7	3	3	1026
7	3	3	1027
7	3	3	1028
7	3	3	1029
7	3	3	1030
7	3	3	1031
7	3	3	1032
7	3	3	1033
7	3	3	1034
7	3	3	1035
7	3	3	1036
7	3	3	1037
7	3	3	1038
7	3	3	1039
7	3	3	1040
7	3	3	1041
7	3	3	1042
7	3	3	1043
7	3	3	1044
7	3	3	1045
7	3	3	1046
7	3	3	1047
7	3	3	1048
7	3	3	1049
7	3	3	1050
7	3	3	1051
7	3	3	1052
7	3	3	1053
7	3	3	1054
7	3	3	1055
7	3	3	1056
7	3	3	1057
7	3	3	1058
7	3	3	1059
7	3	3	1060
7	3	3	1061
7	3	3	1062
7	3	3	1063
7	3	3	1064
7	3	3	1065
7	3	3	1066
7	3	3	1067
7	3	3	1068
7	3	3	1069
7	3	3	1070
7	3	3	1071
7	3	3	1072
7	3	3	1073
7	3	3	1074
7	3	3	1075
7	3	3	1076
7	3	3	1077
7	3	3	1078
7	3	3	1079
7	3	3	1080
7	3	3	1081
7	3	3	1082
7	3	3	1083
7	3	3	1084
7	3	3	1085
7	3	3	1086
7	3	3	1087
7	3	3	1088
7	3	3	1089
7	3	3	1090
7	3	3	1091
7	3	3	1092
7	3	3	1093
7	3	3	1094
7	3	3	1095
7	3	3	1096
7	3	3	1097
7	3	3	1098
7	3	3	1099
7	3	3	1100
7	3	3	1101
7	3	3	1102
7	3	3	1103
7	3	3	1104
7	3	3	1105
7	3	3	1106
7	3	3	1107
7	3	3	1108
7	3	3	1109
7	3	3	1110
7	3	3	1111
7	3	3	1112
7	3	3	1113
7	3	3	1114
7	3	3	1115
7	3	3	1116
7	3	3	1117
7	3	3	1118
7	3	3	1119
7	3	3	1120
7	3	3	1121
7	3	3	1122
7	3	3	1123
7	3	3	1124
7	3	3	1125
7	3	3	1126
7	3	3	1127
7	3	3	1128
7	3	3	1129
7	3	3	1130
7	3	3	1131
7	3	3	1132
7	3	3	1133
7	3	3	1134
7	3	3	1135
7	3	3	1136
7	3	3	1137
7	3	3	1138
7	3	3	1139
7	3	3	1140
7	3	3	1141
7	3	3	1142
7	3	3	1143
7	3	3	1144
7	3	3	1145
7	3	3	1146
7	3	3	1147
7	3	3	1148
7	3	3	1149
7	3	3	1150
7	3	3	1151
7	3	3	1152
7	3	3	1153
7	3	3	1154
7	3	3	1155
7	3	3	1156
7	3	3	1157
7	3	3	1158
7	3	3	1159
7	3	3	1160
7	3	3	1161
7	3	3	1162
7	3	3	1163
7	3	3	1164
7	3	3	1165
7	3	3	1166
7	3	3	1167
7	3	3	1168
7	3	3	1169
7	3	3	1170
7	3	3	1171
7	3	3	1172
7	3	3	1173
7	3	3	1174
7	3	3	1175
7	3	3	1176
7	3	3	1177
7	3	3	1178
7	3	3	1179
7	3	3	1180
7	3	3	1181
7	3	3	1182
7	3	3	1183
7	3	3	1184
7	3	3	1185
7	3	3	1186
7	3	3	1187
7	3	3	1188
7	3	3	1189
7	3	3	1190
7	3	3	1191
7	3	3	1192
7	3	3	1193
7	3	3	1194
7	3	3	1195
7	3	3	1196
7	3	3	1197
7	3	3	1198
7	3	3	1199
7	3	3	1200
7	3	3	1201
7	3	3	1202
7	3	3	1203
7	3	3	1204
7	3	3	1205
7	3	3	1206
7	3	3	1207
7	3	3	1208
7	3	3	1209
7	3	3	1210
7	3	3	1211
7	3	3	1212
7	3	3	1213
7	3	3	1214
7	3	3	1215
7	3	3	1216
7	3	3	1217
7	3	3	1218
7	3	3	1219
7	3	3	1220
7	3	3	1221
7	3	3	1222
7	3	3	1223
7	3	3	1224
7	3	3	1225
7	3	3	1226
7	3	3	1227
7	3	3	1228
7	3	3	1229
7	3	3	1230
7	3	3	1231
7	3	3	1232
7	3	3	1233
7	3	3	1234
7	3	3	1235
7	3	3	1236
7	3	3	1237
7	3	3	1238
7	3	3	1239
7	3	3	1240
7	3	3	1241
7	3	3	1242
7	3	3	1243
7	3	3	1244
7	3	3	1245
7	3	3	1246
7	3	3	1247
7	3	3	1248
7	3	3	1249
7	3	3	1250
7	3	3	1251
7	3	3	1252
7	3	3	1253
7	3	3	1254
7	3	3	1255
7	3	3	1256
7	3	3	1257
7	3	3	1258
7	3	3	1259
7	3	3	1260
7	3	3	1261
7	3	3	1262
7	3	3	1263
7	3	3	1264
7	3	3	1265
7	3	3	1266
7	3	3	1267
7	3	3	1268
7	3	3	1269
7	3	3	1270
7	3	3	1271
7	3	3	1272
7	3	3	1273
7	3	3	1274
7	3	3	1275
7	3	3	1276
7	3	3	1277
7	3	3	1278
7	3	3	1279
7	3	3	1280
7	3	3	1281
7	3	3	1282
7	3	3	1283
7	3	3	1284
7	3	3	1285
7	3	3	1286
7	3	3	1287
7	3	3	1288
7	3	3	1289
7	3	3	1290
7	3	3	1291
7	3	3	1292
7	3	3	1293
7	3	3	1294
7	3	3	1295
7	3	3	1296
7	3	3	1297
7	3	3	1298
7	3	3	1299
7	3	3	1300
7	3	3	1301
7	3	3	1302
7	3	3	1303
7	3	3	1304
7	3	3	1305
7	3	3	1306
7	3	3	1307
7	3	3	1308
7	3	3	1309
7	3	3	1310
7	3	3	1311
7	3	3	1312
7	3	3	1313
7	3	3	1314
7	3	3	1315
7	3	3	1316
7	3	3	1317
7	3	3	1318
7	3	3	1319
7	3	3	1320
7	3	3	1321
7	3	3	1322
7	3	3	1323
7	3	3	1324
7	3	3	1325
7	3	3	1326
7	3	3	1327
7	3	3	1328
7	3	3	1329
7	3	3	1330
7	3	3	1331
7	3	3	1332
7	3	3	1333
7	3	3	1334
7	3	3	1335
7	3	3	1336
7	3	3	1337
7	3	3	1338
7	3	3	1339
7	3	3	1340
7	3	3	1341
7	3	3	1342
7	3	3	1343
7	3	3	1344
7	3	3	1345
7	3	3	1346
7	3	3	1347
7	3	3	1348
7	3	3	1349
7	3	3	1350
7	3	3	1351
7	3	3	1352
7	3	3	1353
7	3	3	1354
7	3	3	1355
7	3	3	1356
7	3	3	1357
7	3	3	1358
7	3	3	1359
7	3	3	1360
7	3	3	1361
7	3	3	1362
7	3	3	1363
7	3	3	1364
7	3	3	1365
7	3	3	1366
7	3	3	1367
7	3	3	1368
7	3	3	1369
7	3	3	1370
7	3	3	1371
7	3	3	1372
7	3	3	1373
7	3	3	1374
7	3	3	1375
7	3	3	1376
7	3	3	1377
7	3	3	1378
7	3	3	1379
7	3	3	1380
7	3	3	1381
7	3	3	1382
7	3	3	1383
7	3	3	1384
7	3	3	1385
7	3	3	1386
7	3	3	1387
7	3	3	1388
7	3	3	1389
7	3	3	1390
7	3	3	1391
7	3	3	1392
7	3	3	1393
7	3	3	1394
7	3	3	1395
7	3	3	1396
7	3	3	1397
7	3	3	1398
7	3	3	1399
7	3	3	1400
7	3	3	1401
7	3	3	1402
7	3	3	1403
7	3	3	1404
7	3	3	1405
7	3	3	1406
7	3	3	1407
7	3	3	1408
7	3	3	1409
7	3	3	1410
7	3	3	1411
7	3	3	1412
7	3	3	1413
7	3	3	1414
7	3	3	1415
7	3	3	1416
7	3	3	1417
7	3	3	1418
7	3	3	1419
7	3	3	1420
7	3	3	1421
7	3	3	1422
7	3	3	1423
7	3	3	1424
7	3	3	1425
7	3	3	1426
7	3	3	1427
7	3	3	1428
7	3	3	1429
7	3	3	1430
7	3	3	1431
7	3	3	1432
7	3	3	1433
7	3	3	1434
7	3	3	1435
7	3	3	1436
7	3	3	1437
7	3	3	1438
7	3	3	1439
7	3	3	1440
7	3	3	1441
7	3	3	1442
7	3	3	1443
7	3	3	1444
7	3	3	1445
7	3	3	1446
7	3	3	1447
7	3	3	1448
7	3	3	1449
7	3	3	1450
7	3	3	1451
7	3	3	1452
7	3	3	1453
7	3	3	1454
7	3	3	1455
7	3	3	1456
7	3	3	1457
7	3	3	1458
7	3	3	1459
7	3	3	1460
7	3	3	1461
7	3	3	1462
7	3	3	1463
7	3	3	1464
7	3	3	1465
7	3	3	1466
7	3	3	1467
7	3	3	1468
7	3	3	1469
7	3	3	1470
7	3	3	1471
7	3	3	1472
7	3	3	1473
7	3	3	1474
7	3	3	1475
7	3	3	1476
7	3	3	1477
7	3	3	1478
7	3	3	1479
7	3	3	1480
7	3	3	1481
7	3	3	1482
7	3	3	1483
7	3	3	1484
7	3	3	1485
7	3	3	1486
7	3	3	1487
7	3	3	1488
7	3	3	1489
7	3	3	1490
7	3	3	1491
7	3	3	1492
7	3	3	1493
7	3	3	1494
7	3	3	1495
7	3	3	1496
7	3	3	1497
7	3	3	1498
7	3	3	1499
7	3	3	1500
7	3	3	1501
7	3	3	1502
7	3	3	1503
7	3	3	1504
7	3	3	1505
7	3	3	1506
7	3	3	1507
7	3	3	1508
7	3	3	1509
7	3	3	1510
7	3	3	1511
7	3	3	1512
7	3	3	1513
7	3	3	1514
7	3	3	1515
7	3	3	1516
7	3	3	1517
7	3	3	1518
7	3	3	1519
7	3	3	1520
7	3	3	1521
7	3	3	1522
7	3	3	1523
7	3	3	1524
7	3	3	1525
7	3	3	1526
7	3	3	1527
7	3	3	1528
7	3	3	1529
7	3	3	1530
7	3	3	1531
7	3	3	1532
7	3	3	1533
7	3	3	1534
7	3	3	1535
7	3	3	1536
7	3	3	1537
7	3	3	1538
7	3	3	1539
7	3	3	1540
7	3	3	1541
7	3	3	1542
7	3	3	1543
7	3	3	1544
7	3	3	1545
7	3	3	1546
7	3	3	1547
7	3	3	1548
7	3	3	1549
7	3	3	1550
7	3	3	1551
7	3	3	1552
7	3	3	1553
7	3	3	1554
7	3	3	1555
7	3	3	1556
7	3	3	1557
7	3	3	1558
7	3	3	1559
7	3	3	1560
7	3	3	1561
7	3	3	1562
7	3	3	1563
7	3	3	1564
7	3	3	1565
7	3	3	1566
7	3	3	1567
7	3	3	1568
7	3	3	1569
7	3	3	1570
7	3	3	1571
7	3	4	10
7	3	4	11
7	3	4	12
7	3	4	13
7	3	4	14
7	3	5	15
7	3	5	16
7	3	5	17
7	3	5	18
7	3	6	19
7	3	6	20
7	3	7	21
7	3	7	22
7	3	7	23
7	3	7	24
7	3	7	25
7	3	7	26
7	3	7	27
7	3	7	28
7	3	7	29
7	3	7	30
7	3	7	31
7	3	7	32
7	3	7	33
7	3	7	34
7	3	7	35
7	3	7	36
7	3	7	37
7	3	7	38
7	3	7	39
7	3	7	40
7	3	7	41
7	3	7	42
7	3	7	43
7	3	7	44
7	3	7	45
7	3	7	46
7	3	7	47
7	3	7	48
7	3	7	49
7	3	7	50
7	3	7	51
7	3	7	52
7	3	7	53
7	3	7	54
7	3	7	55
7	3	7	56
7	3	7	57
7	3	7	58
7	3	7	59
7	3	7	60
7	3	7	61
7	3	7	62
7	3	8	63
7	3	8	64
7	3	8	65
7	3	8	66
7	3	8	67
7	3	9	68
7	3	9	69
7	3	9	1572
7	3	10	70
7	3	10	71
7	3	10	72
7	3	10	73
7	3	10	74
7	3	11	75
7	3	11	76
7	3	12	77
7	3	12	78
7	3	13	79
7	3	13	80
7	3	13	81
7	3	13	82
7	3	13	83
7	3	14	84
7	3	14	85
7	3	14	86
7	3	14	87
7	3	14	88
7	3	15	89
7	3	15	90
7	3	16	91
7	3	16	92
7	3	17	93
7	3	17	94
7	3	17	95
7	3	17	96
7	3	18	97
7	3	18	98
7	3	19	99
7	3	19	100
7	3	20	101
7	3	20	102
7	3	20	103
7	3	20	104
7	3	21	105
7	3	21	106
7	3	21	107
7	3	22	108
7	3	22	109
7	3	23	110
7	3	23	111
7	3	25	114
7	3	25	115
7	3	26	117
7	3	27	118
7	3	27	119
7	3	28	120
7	3	28	121
7	3	29	122
7	3	29	123
7	3	29	124
7	3	29	125
7	3	30	126
7	3	30	127
7	3	31	128
7	3	32	129
7	3	32	130
7	3	32	131
7	3	33	132
7	3	33	133
7	3	33	134
7	3	33	135
7	3	33	136
7	3	33	137
7	3	34	138
7	3	34	139
7	3	35	140
7	3	35	141
7	3	35	142
7	3	35	143
7	3	35	144
7	3	35	145
7	3	35	146
7	3	35	147
7	3	36	148
7	3	36	149
7	3	36	150
7	3	36	151
7	3	36	152
7	3	36	153
7	3	36	154
7	3	36	155
7	3	36	156
7	3	36	157
7	3	36	158
7	3	36	159
7	3	36	160
7	3	36	161
7	3	36	162
7	3	36	163
7	3	37	164
7	3	37	165
7	3	39	169
7	3	39	170
7	3	40	171
7	3	40	172
7	3	40	173
7	3	41	174
7	3	41	175
7	3	41	176
7	3	41	177
7	3	41	178
7	3	41	179
7	3	41	180
7	3	41	181
7	3	42	182
7	3	42	183
7	3	43	184
7	3	43	185
7	3	44	186
7	3	44	187
7	3	45	188
7	3	45	189
7	3	45	1574
7	3	46	190
7	3	46	191
7	3	47	192
7	3	47	193
7	3	47	194
7	3	47	195
7	3	47	196
7	3	48	197
7	3	48	198
7	3	48	199
7	3	48	200
7	3	48	201
7	3	49	202
7	3	49	203
7	3	49	204
7	3	49	205
7	3	50	206
7	3	50	207
7	3	51	208
7	3	51	209
7	3	51	210
7	3	52	211
7	3	52	212
7	3	52	213
7	3	53	214
7	3	53	215
7	3	53	216
7	3	54	217
7	3	54	218
7	3	55	219
7	3	55	220
7	3	55	221
7	3	56	222
7	3	56	223
7	3	57	224
7	3	58	225
7	3	58	226
7	3	58	227
7	3	58	228
7	3	58	229
7	3	60	235
7	3	60	236
7	3	60	237
7	3	60	238
7	3	60	239
7	3	60	240
7	3	60	241
7	3	60	242
7	3	60	243
7	3	61	244
7	3	61	245
7	3	62	246
7	3	62	247
7	3	63	248
7	3	63	249
7	3	63	250
7	3	63	251
7	3	64	252
7	3	64	253
7	3	65	254
7	3	65	255
7	3	66	256
7	3	66	257
7	3	66	258
7	3	66	259
7	3	66	260
7	3	66	261
7	3	67	262
7	3	67	263
7	3	67	264
7	3	67	265
7	3	68	266
7	3	68	267
7	3	68	268
7	3	68	269
7	3	68	270
7	3	68	271
7	3	68	272
7	3	68	273
7	3	68	274
7	3	68	275
7	3	68	276
7	3	68	277
7	3	68	278
7	3	68	279
7	3	68	280
7	3	68	281
7	3	68	282
7	3	68	283
7	3	68	284
7	3	68	285
7	3	68	286
7	3	68	287
7	3	68	288
7	3	68	289
7	3	68	290
7	3	68	291
7	3	68	292
7	3	68	293
7	3	68	294
7	3	68	295
7	3	68	296
7	3	69	297
7	3	69	298
7	3	69	299
7	3	69	300
7	3	70	301
7	3	70	302
7	3	71	303
7	3	71	304
7	3	71	305
7	3	71	306
7	3	72	307
7	3	72	308
7	3	73	309
7	3	74	310
7	3	74	311
7	3	76	313
7	3	76	314
7	3	77	315
7	3	77	316
7	3	77	317
7	3	78	318
7	3	78	319
7	3	78	320
7	3	79	321
7	3	79	322
7	3	80	323
7	3	80	324
7	3	81	325
7	3	81	326
7	3	81	327
7	3	81	328
7	3	82	329
7	3	82	330
7	3	82	331
7	3	82	332
7	3	82	333
7	3	82	334
7	3	83	335
7	3	83	336
7	3	84	337
7	3	84	338
7	3	86	341
7	3	86	342
7	3	87	343
7	3	87	344
7	3	87	345
7	3	88	346
7	3	88	347
7	3	88	348
7	3	88	349
7	3	88	350
7	3	88	351
7	3	88	352
7	3	88	353
7	3	88	354
7	3	88	355
7	3	88	356
7	3	88	357
7	3	89	358
7	3	89	359
7	3	89	360
7	3	89	361
7	3	89	362
7	3	90	363
7	3	90	364
7	3	90	365
7	3	90	366
7	3	90	367
7	3	91	368
7	3	91	369
7	3	92	371
7	3	92	372
7	3	93	373
7	3	93	374
7	3	94	375
7	3	94	376
7	3	95	377
7	3	95	378
7	3	95	379
7	3	95	380
7	3	95	381
7	3	95	382
7	3	95	383
7	3	95	384
7	3	95	385
7	3	95	386
7	3	95	387
7	3	96	388
7	3	96	389
7	3	96	390
7	3	96	391
7	3	97	392
7	3	97	393
7	3	98	394
7	3	98	395
7	3	98	396
7	3	98	397
7	3	98	398
7	3	99	399
7	3	99	400
7	3	99	401
7	3	99	402
7	3	100	403
7	3	100	404
7	3	101	405
7	3	101	406
7	3	102	407
7	3	102	408
7	3	102	409
7	3	103	410
7	3	103	411
7	3	104	413
7	3	104	414
7	3	105	415
7	3	105	416
7	3	106	417
7	3	106	418
7	3	106	419
7	3	106	420
7	3	106	421
7	3	106	422
7	3	106	1576
7	3	107	150
7	3	107	152
7	3	107	156
7	3	107	423
7	3	107	424
7	3	107	425
7	3	107	426
7	3	107	427
7	3	107	429
7	3	107	430
7	3	107	431
7	3	107	432
7	3	107	433
7	3	107	434
7	3	107	435
7	3	107	436
7	3	107	438
7	3	107	439
7	3	107	440
7	3	107	441
7	3	107	442
7	3	107	443
7	3	107	444
7	3	107	445
7	3	107	446
7	3	107	447
7	3	107	448
7	3	107	449
7	3	108	451
7	3	108	452
7	3	108	453
7	3	108	454
7	3	108	455
7	3	108	456
7	3	108	458
7	3	108	459
7	3	108	461
7	3	108	462
7	3	108	463
7	3	108	464
7	3	108	465
7	3	108	466
7	3	108	467
7	3	108	468
7	3	108	469
7	3	109	470
7	3	109	471
7	3	112	1577
7	3	112	1578
