7	3	CRM_A12	1	300
7	4	000000000060053012	2	300
7	5	CRM_A12_001	3	
7	6	CRM_A12_002	3	
7	7	CRM_A12_003	3	
7	8	CRM_A12_004	3	
7	9	CRM_A12_005	3	
7	10	CRM_A12_006	3	
7	11	CRM_A12_007	3	
7	12	CRM_A12_008	3	
7	13	CRM_A12_009	3	
7	14	CRM_A12_010	3	
7	15	CRM_A12_011	3	
7	16	CRM_A12_012	3	
7	17	CRM_A12_013	3	
7	18	CRM_A12_014	3	
7	19	CRM_A12_015	3	
7	20	CRM_A12_016	3	
7	21	CRM_A12_017	3	
7	22	CRM_A12_018	3	
7	23	CRM_A12_019	3	
7	24	CRM_A12_020	3	
7	25	CRM_A12_021	3	
7	26	CRM_A12_022	3	
7	27	CRM_A12_023	3	
7	28	CRM_A12_024	3	
7	29	CRM_A12_025	3	
7	30	A12_FARBTAB	3	
