7	1	1	1	1
7	1	2	2	2
7	1	3	3	3
7	1	4	4	4
7	1	5	5	5
7	1	6	6	6
7	2	7	1	7
7	3	472	1	472
7	3	473	2	473
7	3	474	3	474
7	3	475	4	475
7	3	476	5	476
7	3	477	6	477
7	3	478	7	478
7	3	479	8	479
7	3	480	9	480
7	3	481	10	481
7	3	482	11	482
7	3	483	12	483
7	3	484	13	484
7	3	485	14	485
7	3	486	15	486
7	3	487	16	487
7	3	488	17	488
7	3	489	18	489
7	3	490	19	490
7	3	491	20	491
7	3	492	21	492
7	3	493	22	493
7	3	494	23	494
7	3	495	24	495
7	3	496	25	496
7	3	497	26	497
7	3	498	27	498
7	3	499	28	499
7	3	500	29	500
7	3	501	30	501
7	3	502	31	502
7	3	503	32	503
7	3	504	33	504
7	3	505	34	505
7	3	506	35	506
7	3	507	36	507
7	3	508	37	508
7	3	509	38	509
7	3	510	39	510
7	3	511	40	511
7	3	512	41	512
7	3	513	42	513
7	3	514	43	514
7	3	515	44	515
7	3	516	45	516
7	3	517	46	517
7	3	518	47	518
7	3	519	48	519
7	3	520	49	520
7	3	521	50	521
7	3	522	51	522
7	3	523	52	523
7	3	524	53	524
7	3	525	54	525
7	3	526	55	526
7	3	527	56	527
7	3	528	57	528
7	3	529	58	529
7	3	530	59	530
7	3	531	60	531
7	3	532	61	532
7	3	533	62	533
7	3	534	63	534
7	3	535	64	535
7	3	536	65	536
7	3	537	66	537
7	3	538	67	538
7	3	539	68	539
7	3	540	69	540
7	3	541	70	541
7	3	542	71	542
7	3	543	72	543
7	3	544	73	544
7	3	545	74	545
7	3	546	75	546
7	3	547	76	547
7	3	548	77	548
7	3	549	78	549
7	3	550	79	550
7	3	551	80	551
7	3	552	81	552
7	3	553	82	553
7	3	554	83	554
7	3	555	84	555
7	3	556	85	556
7	3	557	86	557
7	3	558	87	558
7	3	559	88	559
7	3	560	89	560
7	3	561	90	561
7	3	562	91	562
7	3	563	92	563
7	3	564	93	564
7	3	565	94	565
7	3	566	95	566
7	3	567	96	567
7	3	568	97	568
7	3	569	98	569
7	3	570	99	570
7	3	571	100	571
7	3	572	101	572
7	3	573	102	573
7	3	574	103	574
7	3	575	104	575
7	3	576	105	576
7	3	577	106	577
7	3	578	107	578
7	3	579	108	579
7	3	580	109	580
7	3	581	110	581
7	3	582	111	582
7	3	583	112	583
7	3	584	113	584
7	3	585	114	585
7	3	586	115	586
7	3	587	116	587
7	3	588	117	588
7	3	589	118	589
7	3	590	119	590
7	3	591	120	591
7	3	592	121	592
7	3	593	122	593
7	3	594	123	594
7	3	595	124	595
7	3	596	125	596
7	3	597	126	597
7	3	598	127	598
7	3	599	128	599
7	3	600	129	600
7	3	601	130	601
7	3	602	131	602
7	3	603	132	603
7	3	604	133	604
7	3	605	134	605
7	3	606	135	606
7	3	607	136	607
7	3	608	137	608
7	3	609	138	609
7	3	610	139	610
7	3	611	140	611
7	3	612	141	612
7	3	613	142	613
7	3	614	143	614
7	3	615	144	615
7	3	616	145	616
7	3	617	146	617
7	3	618	147	618
7	3	619	148	619
7	3	620	149	620
7	3	621	150	621
7	3	622	151	622
7	3	623	152	623
7	3	624	153	624
7	3	625	154	625
7	3	626	155	626
7	3	627	156	627
7	3	628	157	628
7	3	629	158	629
7	3	630	159	630
7	3	631	160	631
7	3	632	161	632
7	3	633	162	633
7	3	634	163	634
7	3	635	164	635
7	3	636	165	636
7	3	637	166	637
7	3	638	167	638
7	3	639	168	639
7	3	640	169	640
7	3	641	170	641
7	3	642	171	642
7	3	643	172	643
7	3	644	173	644
7	3	645	174	645
7	3	646	175	646
7	3	647	176	647
7	3	648	177	648
7	3	649	178	649
7	3	650	179	650
7	3	651	180	651
7	3	652	181	652
7	3	653	182	653
7	3	654	183	654
7	3	655	184	655
7	3	656	185	656
7	3	657	186	657
7	3	658	187	658
7	3	659	188	659
7	3	660	189	660
7	3	661	190	661
7	3	662	191	662
7	3	663	192	663
7	3	664	193	664
7	3	665	194	665
7	3	666	195	666
7	3	667	196	667
7	3	668	197	668
7	3	669	198	669
7	3	670	199	670
7	3	671	200	671
7	3	672	201	672
7	3	673	202	673
7	3	674	203	674
7	3	675	204	675
7	3	676	205	676
7	3	677	206	677
7	3	678	207	678
7	3	679	208	679
7	3	680	209	680
7	3	681	210	681
7	3	682	211	682
7	3	683	212	683
7	3	684	213	684
7	3	685	214	685
7	3	686	215	686
7	3	687	216	687
7	3	688	217	688
7	3	689	218	689
7	3	690	219	690
7	3	691	220	691
7	3	692	221	692
7	3	693	222	693
7	3	694	223	694
7	3	695	224	695
7	3	696	225	696
7	3	697	226	697
7	3	698	227	698
7	3	699	228	699
7	3	700	229	700
7	3	701	230	701
7	3	702	231	702
7	3	703	232	703
7	3	704	233	704
7	3	705	234	705
7	3	706	235	706
7	3	707	236	707
7	3	708	237	708
7	3	709	238	709
7	3	710	239	710
7	3	711	240	711
7	3	712	241	712
7	3	713	242	713
7	3	714	243	714
7	3	715	244	715
7	3	716	245	716
7	3	717	246	717
7	3	718	247	718
7	3	719	248	719
7	3	720	249	720
7	3	721	250	721
7	3	722	251	722
7	3	723	252	723
7	3	724	253	724
7	3	725	254	725
7	3	726	255	726
7	3	727	256	727
7	3	728	257	728
7	3	729	258	729
7	3	730	259	730
7	3	731	260	731
7	3	732	261	732
7	3	733	262	733
7	3	734	263	734
7	3	735	264	735
7	3	736	265	736
7	3	737	266	737
7	3	738	267	738
7	3	739	268	739
7	3	740	269	740
7	3	741	270	741
7	3	742	271	742
7	3	743	272	743
7	3	744	273	744
7	3	745	274	745
7	3	746	275	746
7	3	747	276	747
7	3	748	277	748
7	3	749	278	749
7	3	750	279	750
7	3	751	280	751
7	3	752	281	752
7	3	753	282	753
7	3	754	283	754
7	3	755	284	755
7	3	756	285	756
7	3	757	286	757
7	3	758	287	758
7	3	759	288	759
7	3	760	289	760
7	3	761	290	761
7	3	762	291	762
7	3	763	292	763
7	3	764	293	764
7	3	765	294	765
7	3	766	295	766
7	3	767	296	767
7	3	768	297	768
7	3	769	298	769
7	3	770	299	770
7	3	771	300	771
7	3	772	301	772
7	3	773	302	773
7	3	774	303	774
7	3	775	304	775
7	3	776	305	776
7	3	777	306	777
7	3	778	307	778
7	3	779	308	779
7	3	780	309	780
7	3	781	310	781
7	3	782	311	782
7	3	783	312	783
7	3	784	313	784
7	3	785	314	785
7	3	786	315	786
7	3	787	316	787
7	3	788	317	788
7	3	789	318	789
7	3	790	319	790
7	3	791	320	791
7	3	792	321	792
7	3	793	322	793
7	3	794	323	794
7	3	795	324	795
7	3	796	325	796
7	3	797	326	797
7	3	798	327	798
7	3	799	328	799
7	3	800	329	800
7	3	801	330	801
7	3	802	331	802
7	3	803	332	803
7	3	804	333	804
7	3	805	334	805
7	3	806	335	806
7	3	807	336	807
7	3	808	337	808
7	3	809	338	809
7	3	810	339	810
7	3	811	340	811
7	3	812	341	812
7	3	813	342	813
7	3	814	343	814
7	3	815	344	815
7	3	816	345	816
7	3	817	346	817
7	3	818	347	818
7	3	819	348	819
7	3	820	349	820
7	3	821	350	821
7	3	822	351	822
7	3	823	352	823
7	3	824	353	824
7	3	825	354	825
7	3	826	355	826
7	3	827	356	827
7	3	828	357	828
7	3	829	358	829
7	3	830	359	830
7	3	831	360	831
7	3	832	361	832
7	3	833	362	833
7	3	834	363	834
7	3	835	364	835
7	3	836	365	836
7	3	837	366	837
7	3	838	367	838
7	3	839	368	839
7	3	840	369	840
7	3	841	370	841
7	3	842	371	842
7	3	843	372	843
7	3	844	373	844
7	3	845	374	845
7	3	846	375	846
7	3	847	376	847
7	3	848	377	848
7	3	849	378	849
7	3	850	379	850
7	3	851	380	851
7	3	852	381	852
7	3	853	382	853
7	3	854	383	854
7	3	855	384	855
7	3	856	385	856
7	3	857	386	857
7	3	858	387	858
7	3	859	388	859
7	3	860	389	860
7	3	861	390	861
7	3	862	391	862
7	3	863	392	863
7	3	864	393	864
7	3	865	394	865
7	3	866	395	866
7	3	867	396	867
7	3	868	397	868
7	3	869	398	869
7	3	870	399	870
7	3	871	400	871
7	3	872	401	872
7	3	873	402	873
7	3	874	403	874
7	3	875	404	875
7	3	876	405	876
7	3	877	406	877
7	3	878	407	878
7	3	879	408	879
7	3	880	409	880
7	3	881	410	881
7	3	882	411	882
7	3	883	412	883
7	3	884	413	884
7	3	885	414	885
7	3	886	415	886
7	3	887	416	887
7	3	888	417	888
7	3	889	418	889
7	3	890	419	890
7	3	891	420	891
7	3	892	421	892
7	3	893	422	893
7	3	894	423	894
7	3	895	424	895
7	3	896	425	896
7	3	897	426	897
7	3	898	427	898
7	3	899	428	899
7	3	900	429	900
7	3	901	430	901
7	3	902	431	902
7	3	903	432	903
7	3	904	433	904
7	3	905	434	905
7	3	906	435	906
7	3	907	436	907
7	3	908	437	908
7	3	909	438	909
7	3	910	439	910
7	3	911	440	911
7	3	912	441	912
7	3	913	442	913
7	3	914	443	914
7	3	915	444	915
7	3	916	445	916
7	3	917	446	917
7	3	918	447	918
7	3	919	448	919
7	3	920	449	920
7	3	921	450	921
7	3	922	451	922
7	3	923	452	923
7	3	924	453	924
7	3	925	454	925
7	3	926	455	926
7	3	927	456	927
7	3	928	457	928
7	3	929	458	929
7	3	930	459	930
7	3	931	460	931
7	3	932	461	932
7	3	933	462	933
7	3	934	463	934
7	3	935	464	935
7	3	936	465	936
7	3	937	466	937
7	3	938	467	938
7	3	939	468	939
7	3	940	469	940
7	3	941	470	941
7	3	942	471	942
7	3	943	472	943
7	3	944	473	944
7	3	945	474	945
7	3	946	475	946
7	3	947	476	947
7	3	948	477	948
7	3	949	478	949
7	3	950	479	950
7	3	951	480	951
7	3	952	481	952
7	3	953	482	953
7	3	954	483	954
7	3	955	484	955
7	3	956	485	956
7	3	957	486	957
7	3	958	487	958
7	3	959	488	959
7	3	960	489	960
7	3	961	490	961
7	3	962	491	962
7	3	963	492	963
7	3	964	493	964
7	3	965	494	965
7	3	966	495	966
7	3	967	496	967
7	3	968	497	968
7	3	969	498	969
7	3	970	499	970
7	3	971	500	971
7	3	972	501	972
7	3	973	502	973
7	3	974	503	974
7	3	975	504	975
7	3	976	505	976
7	3	977	506	977
7	3	978	507	978
7	3	979	508	979
7	3	980	509	980
7	3	981	510	981
7	3	982	511	982
7	3	983	512	983
7	3	984	513	984
7	3	985	514	985
7	3	986	515	986
7	3	987	516	987
7	3	988	517	988
7	3	989	518	989
7	3	990	519	990
7	3	991	520	991
7	3	992	521	992
7	3	993	522	993
7	3	994	523	994
7	3	995	524	995
7	3	996	525	996
7	3	997	526	997
7	3	998	527	998
7	3	999	528	999
7	3	1000	529	1000
7	3	1001	530	1001
7	3	1002	531	1002
7	3	1003	532	1003
7	3	1004	533	1004
7	3	1005	534	1005
7	3	1006	535	1006
7	3	1007	536	1007
7	3	1008	537	1008
7	3	1009	538	1009
7	3	1010	539	1010
7	3	1011	540	1011
7	3	1012	541	1012
7	3	1013	542	1013
7	3	1014	543	1014
7	3	1015	544	1015
7	3	1016	545	1016
7	3	1017	546	1017
7	3	1018	547	1018
7	3	1019	548	1019
7	3	1020	549	1020
7	3	1021	550	1021
7	3	1022	551	1022
7	3	1023	552	1023
7	3	1024	553	1024
7	3	1025	554	1025
7	3	1026	555	1026
7	3	1027	556	1027
7	3	1028	557	1028
7	3	1029	558	1029
7	3	1030	559	1030
7	3	1031	560	1031
7	3	1032	561	1032
7	3	1033	562	1033
7	3	1034	563	1034
7	3	1035	564	1035
7	3	1036	565	1036
7	3	1037	566	1037
7	3	1038	567	1038
7	3	1039	568	1039
7	3	1040	569	1040
7	3	1041	570	1041
7	3	1042	571	1042
7	3	1043	572	1043
7	3	1044	573	1044
7	3	1045	574	1045
7	3	1046	575	1046
7	3	1047	576	1047
7	3	1048	577	1048
7	3	1049	578	1049
7	3	1050	579	1050
7	3	1051	580	1051
7	3	1052	581	1052
7	3	1053	582	1053
7	3	1054	583	1054
7	3	1055	584	1055
7	3	1056	585	1056
7	3	1057	586	1057
7	3	1058	587	1058
7	3	1059	588	1059
7	3	1060	589	1060
7	3	1061	590	1061
7	3	1062	591	1062
7	3	1063	592	1063
7	3	1064	593	1064
7	3	1065	594	1065
7	3	1066	595	1066
7	3	1067	596	1067
7	3	1068	597	1068
7	3	1069	598	1069
7	3	1070	599	1070
7	3	1071	600	1071
7	3	1072	601	1072
7	3	1073	602	1073
7	3	1074	603	1074
7	3	1075	604	1075
7	3	1076	605	1076
7	3	1077	606	1077
7	3	1078	607	1078
7	3	1079	608	1079
7	3	1080	609	1080
7	3	1081	610	1081
7	3	1082	611	1082
7	3	1083	612	1083
7	3	1084	613	1084
7	3	1085	614	1085
7	3	1086	615	1086
7	3	1087	616	1087
7	3	1088	617	1088
7	3	1089	618	1089
7	3	1090	619	1090
7	3	1091	620	1091
7	3	1092	621	1092
7	3	1093	622	1093
7	3	1094	623	1094
7	3	1095	624	1095
7	3	1096	625	1096
7	3	1097	626	1097
7	3	1098	627	1098
7	3	1099	628	1099
7	3	1100	629	1100
7	3	1101	630	1101
7	3	1102	631	1102
7	3	1103	632	1103
7	3	1104	633	1104
7	3	1105	634	1105
7	3	1106	635	1106
7	3	1107	636	1107
7	3	1108	637	1108
7	3	1109	638	1109
7	3	1110	639	1110
7	3	1111	640	1111
7	3	1112	641	1112
7	3	1113	642	1113
7	3	1114	643	1114
7	3	1115	644	1115
7	3	1116	645	1116
7	3	1117	646	1117
7	3	1118	647	1118
7	3	1119	648	1119
7	3	1120	649	1120
7	3	1121	650	1121
7	3	1122	651	1122
7	3	1123	652	1123
7	3	1124	653	1124
7	3	1125	654	1125
7	3	1126	655	1126
7	3	1127	656	1127
7	3	1128	657	1128
7	3	1129	658	1129
7	3	1130	659	1130
7	3	1131	660	1131
7	3	1132	661	1132
7	3	1133	662	1133
7	3	1134	663	1134
7	3	1135	664	1135
7	3	1136	665	1136
7	3	1137	666	1137
7	3	1138	667	1138
7	3	1139	668	1139
7	3	1140	669	1140
7	3	1141	670	1141
7	3	1142	671	1142
7	3	1143	672	1143
7	3	1144	673	1144
7	3	1145	674	1145
7	3	1146	675	1146
7	3	1147	676	1147
7	3	1148	677	1148
7	3	1149	678	1149
7	3	1150	679	1150
7	3	1151	680	1151
7	3	1152	681	1152
7	3	1153	682	1153
7	3	1154	683	1154
7	3	1155	684	1155
7	3	1156	685	1156
7	3	1157	686	1157
7	3	1158	687	1158
7	3	1159	688	1159
7	3	1160	689	1160
7	3	1161	690	1161
7	3	1162	691	1162
7	3	1163	692	1163
7	3	1164	693	1164
7	3	1165	694	1165
7	3	1166	695	1166
7	3	1167	696	1167
7	3	1168	697	1168
7	3	1169	698	1169
7	3	1170	699	1170
7	3	1171	700	1171
7	3	1172	701	1172
7	3	1173	702	1173
7	3	1174	703	1174
7	3	1175	704	1175
7	3	1176	705	1176
7	3	1177	706	1177
7	3	1178	707	1178
7	3	1179	708	1179
7	3	1180	709	1180
7	3	1181	710	1181
7	3	1182	711	1182
7	3	1183	712	1183
7	3	1184	713	1184
7	3	1185	714	1185
7	3	1186	715	1186
7	3	1187	716	1187
7	3	1188	717	1188
7	3	1189	718	1189
7	3	1190	719	1190
7	3	1191	720	1191
7	3	1192	721	1192
7	3	1193	722	1193
7	3	1194	723	1194
7	3	1195	724	1195
7	3	1196	725	1196
7	3	1197	726	1197
7	3	1198	727	1198
7	3	1199	728	1199
7	3	1200	729	1200
7	3	1201	730	1201
7	3	1202	731	1202
7	3	1203	732	1203
7	3	1204	733	1204
7	3	1205	734	1205
7	3	1206	735	1206
7	3	1207	736	1207
7	3	1208	737	1208
7	3	1209	738	1209
7	3	1210	739	1210
7	3	1211	740	1211
7	3	1212	741	1212
7	3	1213	742	1213
7	3	1214	743	1214
7	3	1215	744	1215
7	3	1216	745	1216
7	3	1217	746	1217
7	3	1218	747	1218
7	3	1219	748	1219
7	3	1220	749	1220
7	3	1221	750	1221
7	3	1222	751	1222
7	3	1223	752	1223
7	3	1224	753	1224
7	3	1225	754	1225
7	3	1226	755	1226
7	3	1227	756	1227
7	3	1228	757	1228
7	3	1229	758	1229
7	3	1230	759	1230
7	3	1231	760	1231
7	3	1232	761	1232
7	3	1233	762	1233
7	3	1234	763	1234
7	3	1235	764	1235
7	3	1236	765	1236
7	3	1237	766	1237
7	3	1238	767	1238
7	3	1239	768	1239
7	3	1240	769	1240
7	3	1241	770	1241
7	3	1242	771	1242
7	3	1243	772	1243
7	3	1244	773	1244
7	3	1245	774	1245
7	3	1246	775	1246
7	3	1247	776	1247
7	3	1248	777	1248
7	3	1249	778	1249
7	3	1250	779	1250
7	3	1251	780	1251
7	3	1252	781	1252
7	3	1253	782	1253
7	3	1254	783	1254
7	3	1255	784	1255
7	3	1256	785	1256
7	3	1257	786	1257
7	3	1258	787	1258
7	3	1259	788	1259
7	3	1260	789	1260
7	3	1261	790	1261
7	3	1262	791	1262
7	3	1263	792	1263
7	3	1264	793	1264
7	3	1265	794	1265
7	3	1266	795	1266
7	3	1267	796	1267
7	3	1268	797	1268
7	3	1269	798	1269
7	3	1270	799	1270
7	3	1271	800	1271
7	3	1272	801	1272
7	3	1273	802	1273
7	3	1274	803	1274
7	3	1275	804	1275
7	3	1276	805	1276
7	3	1277	806	1277
7	3	1278	807	1278
7	3	1279	808	1279
7	3	1280	809	1280
7	3	1281	810	1281
7	3	1282	811	1282
7	3	1283	812	1283
7	3	1284	813	1284
7	3	1285	814	1285
7	3	1286	815	1286
7	3	1287	816	1287
7	3	1288	817	1288
7	3	1289	818	1289
7	3	1290	819	1290
7	3	1291	820	1291
7	3	1292	821	1292
7	3	1293	822	1293
7	3	1294	823	1294
7	3	1295	824	1295
7	3	1296	825	1296
7	3	1297	826	1297
7	3	1298	827	1298
7	3	1299	828	1299
7	3	1300	829	1300
7	3	1301	830	1301
7	3	1302	831	1302
7	3	1303	832	1303
7	3	1304	833	1304
7	3	1305	834	1305
7	3	1306	835	1306
7	3	1307	836	1307
7	3	1308	837	1308
7	3	1309	838	1309
7	3	1310	839	1310
7	3	1311	840	1311
7	3	1312	841	1312
7	3	1313	842	1313
7	3	1314	843	1314
7	3	1315	844	1315
7	3	1316	845	1316
7	3	1317	846	1317
7	3	1318	847	1318
7	3	1319	848	1319
7	3	1320	849	1320
7	3	1321	850	1321
7	3	1322	851	1322
7	3	1323	852	1323
7	3	1324	853	1324
7	3	1325	854	1325
7	3	1326	855	1326
7	3	1327	856	1327
7	3	1328	857	1328
7	3	1329	858	1329
7	3	1330	859	1330
7	3	1331	860	1331
7	3	1332	861	1332
7	3	1333	862	1333
7	3	1334	863	1334
7	3	1335	864	1335
7	3	1336	865	1336
7	3	1337	866	1337
7	3	1338	867	1338
7	3	1339	868	1339
7	3	1340	869	1340
7	3	1341	870	1341
7	3	1342	871	1342
7	3	1343	872	1343
7	3	1344	873	1344
7	3	1345	874	1345
7	3	1346	875	1346
7	3	1347	876	1347
7	3	1348	877	1348
7	3	1349	878	1349
7	3	1350	879	1350
7	3	1351	880	1351
7	3	1352	881	1352
7	3	1353	882	1353
7	3	1354	883	1354
7	3	1355	884	1355
7	3	1356	885	1356
7	3	1357	886	1357
7	3	1358	887	1358
7	3	1359	888	1359
7	3	1360	889	1360
7	3	1361	890	1361
7	3	1362	891	1362
7	3	1363	892	1363
7	3	1364	893	1364
7	3	1365	894	1365
7	3	1366	895	1366
7	3	1367	896	1367
7	3	1368	897	1368
7	3	1369	898	1369
7	3	1370	899	1370
7	3	1371	900	1371
7	3	1372	901	1372
7	3	1373	902	1373
7	3	1374	903	1374
7	3	1375	904	1375
7	3	1376	905	1376
7	3	1377	906	1377
7	3	1378	907	1378
7	3	1379	908	1379
7	3	1380	909	1380
7	3	1381	910	1381
7	3	1382	911	1382
7	3	1383	912	1383
7	3	1384	913	1384
7	3	1385	914	1385
7	3	1386	915	1386
7	3	1387	916	1387
7	3	1388	917	1388
7	3	1389	918	1389
7	3	1390	919	1390
7	3	1391	920	1391
7	3	1392	921	1392
7	3	1393	922	1393
7	3	1394	923	1394
7	3	1395	924	1395
7	3	1396	925	1396
7	3	1397	926	1397
7	3	1398	927	1398
7	3	1399	928	1399
7	3	1400	929	1400
7	3	1401	930	1401
7	3	1402	931	1402
7	3	1403	932	1403
7	3	1404	933	1404
7	3	1405	934	1405
7	3	1406	935	1406
7	3	1407	936	1407
7	3	1408	937	1408
7	3	1409	938	1409
7	3	1410	939	1410
7	3	1411	940	1411
7	3	1412	941	1412
7	3	1413	942	1413
7	3	1414	943	1414
7	3	1415	944	1415
7	3	1416	945	1416
7	3	1417	946	1417
7	3	1418	947	1418
7	3	1419	948	1419
7	3	1420	949	1420
7	3	1421	950	1421
7	3	1422	951	1422
7	3	1423	952	1423
7	3	1424	953	1424
7	3	1425	954	1425
7	3	1426	955	1426
7	3	1427	956	1427
7	3	1428	957	1428
7	3	1429	958	1429
7	3	1430	959	1430
7	3	1431	960	1431
7	3	1432	961	1432
7	3	1433	962	1433
7	3	1434	963	1434
7	3	1435	964	1435
7	3	1436	965	1436
7	3	1437	966	1437
7	3	1438	967	1438
7	3	1439	968	1439
7	3	1440	969	1440
7	3	1441	970	1441
7	3	1442	971	1442
7	3	1443	972	1443
7	3	1444	973	1444
7	3	1445	974	1445
7	3	1446	975	1446
7	3	1447	976	1447
7	3	1448	977	1448
7	3	1449	978	1449
7	3	1450	979	1450
7	3	1451	980	1451
7	3	1452	981	1452
7	3	1453	982	1453
7	3	1454	983	1454
7	3	1455	984	1455
7	3	1456	985	1456
7	3	1457	986	1457
7	3	1458	987	1458
7	3	1459	988	1459
7	3	1460	989	1460
7	3	1461	990	1461
7	3	1462	991	1462
7	3	1463	992	1463
7	3	1464	993	1464
7	3	1465	994	1465
7	3	1466	995	1466
7	3	1467	996	1467
7	3	1468	997	1468
7	3	1469	998	1469
7	3	1470	999	1470
7	3	1471	1000	1471
7	3	1472	1001	1472
7	3	1473	1002	1473
7	3	1474	1003	1474
7	3	1475	1004	1475
7	3	1476	1005	1476
7	3	1477	1006	1477
7	3	1478	1007	1478
7	3	1479	1008	1479
7	3	1480	1009	1480
7	3	1481	1010	1481
7	3	1482	1011	1482
7	3	1483	1012	1483
7	3	1484	1013	1484
7	3	1485	1014	1485
7	3	1486	1015	1486
7	3	1487	1016	1487
7	3	1488	1017	1488
7	3	1489	1018	1489
7	3	1490	1019	1490
7	3	1491	1020	1491
7	3	1492	1021	1492
7	3	1493	1022	1493
7	3	1494	1023	1494
7	3	1495	1024	1495
7	3	1496	1025	1496
7	3	1497	1026	1497
7	3	1498	1027	1498
7	3	1499	1028	1499
7	3	1500	1029	1500
7	3	1501	1030	1501
7	3	1502	1031	1502
7	3	1503	1032	1503
7	3	1504	1033	1504
7	3	1505	1034	1505
7	3	1506	1035	1506
7	3	1507	1036	1507
7	3	1508	1037	1508
7	3	1509	1038	1509
7	3	1510	1039	1510
7	3	1511	1040	1511
7	3	1512	1041	1512
7	3	1513	1042	1513
7	3	1514	1043	1514
7	3	1515	1044	1515
7	3	1516	1045	1516
7	3	1517	1046	1517
7	3	1518	1047	1518
7	3	1519	1048	1519
7	3	1520	1049	1520
7	3	1521	1050	1521
7	3	1522	1051	1522
7	3	1523	1052	1523
7	3	1524	1053	1524
7	3	1525	1054	1525
7	3	1526	1055	1526
7	3	1527	1056	1527
7	3	1528	1057	1528
7	3	1529	1058	1529
7	3	1530	1059	1530
7	3	1531	1060	1531
7	3	1532	1061	1532
7	3	1533	1062	1533
7	3	1534	1063	1534
7	3	1535	1064	1535
7	3	1536	1065	1536
7	3	1537	1066	1537
7	3	1538	1067	1538
7	3	1539	1068	1539
7	3	1540	1069	1540
7	3	1541	1070	1541
7	3	1542	1071	1542
7	3	1543	1072	1543
7	3	1544	1073	1544
7	3	1545	1074	1545
7	3	1546	1075	1546
7	3	1547	1076	1547
7	3	1548	1077	1548
7	3	1549	1078	1549
7	3	1550	1079	1550
7	3	1551	1080	1551
7	3	1552	1081	1552
7	3	1553	1082	1553
7	3	1554	1083	1554
7	3	1555	1084	1555
7	3	1556	1085	1556
7	3	1557	1086	1557
7	3	1558	1087	1558
7	3	1559	1088	1559
7	3	1560	1089	1560
7	3	1561	1090	1561
7	3	1562	1091	1562
7	3	1563	1092	1563
7	3	1564	1093	1564
7	3	1565	1094	1565
7	3	1566	1095	1566
7	3	1567	1096	1567
7	3	1568	1097	1568
7	3	1569	1098	1569
7	3	1570	1099	1570
7	3	1571	1100	1571
7	4	10	1	10
7	4	11	2	11
7	4	12	3	12
7	4	13	4	13
7	4	14	5	14
7	5	15	1	15
7	5	16	2	16
7	5	17	3	17
7	5	18	4	18
7	6	19	1	19
7	6	20	2	20
7	7	21	1	21
7	7	22	2	22
7	7	23	3	23
7	7	24	4	24
7	7	25	5	25
7	7	26	6	26
7	7	27	7	27
7	7	28	8	28
7	7	29	9	29
7	7	30	10	30
7	7	31	11	31
7	7	32	12	32
7	7	33	13	33
7	7	34	14	34
7	7	35	15	35
7	7	36	16	36
7	7	37	17	37
7	7	38	18	38
7	7	39	19	39
7	7	40	20	40
7	7	41	21	41
7	7	42	22	42
7	7	43	23	43
7	7	44	24	44
7	7	45	25	45
7	7	46	26	46
7	7	47	27	47
7	7	48	28	48
7	7	49	29	49
7	7	50	30	50
7	7	51	31	51
7	7	52	32	52
7	7	53	33	53
7	7	54	34	54
7	7	55	35	55
7	7	56	36	56
7	7	57	37	57
7	7	58	38	58
7	7	59	39	59
7	7	60	40	60
7	7	61	41	61
7	7	62	42	62
7	8	63	1	63
7	8	64	2	64
7	8	65	3	65
7	8	66	4	66
7	8	67	5	67
7	9	68	2	68
7	9	69	3	69
7	9	1572	1	1572
7	10	70	1	70
7	10	71	2	71
7	10	72	3	72
7	10	73	4	73
7	10	74	5	74
7	11	75	1	75
7	11	76	2	76
7	12	77	1	77
7	12	78	2	78
7	13	79	1	79
7	13	80	2	80
7	13	81	3	81
7	13	82	4	82
7	13	83	5	83
7	14	84	1	84
7	14	85	2	85
7	14	86	3	86
7	14	87	4	87
7	14	88	5	88
7	15	89	1	89
7	15	90	2	90
7	16	91	1	91
7	16	92	2	92
7	17	93	1	93
7	17	94	2	94
7	17	95	3	95
7	17	96	4	96
7	18	97	1	97
7	18	98	2	98
7	19	99	1	99
7	19	100	2	100
7	20	101	1	101
7	20	102	2	102
7	20	103	3	103
7	20	104	4	104
7	21	105	1	105
7	21	106	2	106
7	21	107	3	107
7	22	108	1	108
7	22	109	2	109
7	23	110	1	110
7	23	111	2	111
7	25	114	1	114
7	25	115	2	115
7	26	117	1	117
7	27	118	1	118
7	27	119	2	119
7	28	120	1	120
7	28	121	2	121
7	29	122	1	122
7	29	123	2	123
7	29	124	3	124
7	29	125	4	125
7	30	126	1	126
7	30	127	2	127
7	31	128	1	128
7	32	129	1	129
7	32	130	2	130
7	32	131	3	131
7	33	132	1	132
7	33	133	2	133
7	33	134	3	134
7	33	135	4	135
7	33	136	5	136
7	33	137	6	137
7	34	138	1	138
7	34	139	2	139
7	35	140	1	140
7	35	141	2	141
7	35	142	3	142
7	35	143	4	143
7	35	144	5	144
7	35	145	6	145
7	35	146	7	146
7	35	147	8	147
7	36	148	1	148
7	36	149	2	149
7	36	150	3	150
7	36	151	4	151
7	36	152	5	152
7	36	153	6	153
7	36	154	7	154
7	36	155	8	155
7	36	156	9	156
7	36	157	10	157
7	36	158	11	158
7	36	159	12	159
7	36	160	13	160
7	36	161	14	161
7	36	162	15	162
7	36	163	16	163
7	37	164	1	164
7	37	165	2	165
7	39	169	1	169
7	39	170	2	170
7	40	171	1	171
7	40	172	2	172
7	40	173	3	173
7	41	174	1	174
7	41	175	2	175
7	41	176	3	176
7	41	177	4	177
7	41	178	5	178
7	41	179	6	179
7	41	180	7	180
7	41	181	8	181
7	42	182	1	182
7	42	183	2	183
7	43	184	1	184
7	43	185	2	185
7	44	186	1	186
7	44	187	2	187
7	45	188	2	188
7	45	189	3	189
7	45	1574	1	1574
7	46	190	1	190
7	46	191	2	191
7	47	192	1	192
7	47	193	2	193
7	47	194	3	194
7	47	195	4	195
7	47	196	5	196
7	48	197	1	197
7	48	198	2	198
7	48	199	3	199
7	48	200	4	200
7	48	201	5	201
7	49	202	1	202
7	49	203	2	203
7	49	204	3	204
7	49	205	4	205
7	50	206	1	206
7	50	207	2	207
7	51	208	1	208
7	51	209	2	209
7	51	210	3	210
7	52	211	1	211
7	52	212	2	212
7	52	213	3	213
7	53	214	1	214
7	53	215	2	215
7	53	216	3	216
7	54	217	1	217
7	54	218	2	218
7	55	219	1	219
7	55	220	2	220
7	55	221	3	221
7	56	222	1	222
7	56	223	2	223
7	57	224	1	224
7	58	225	1	225
7	58	226	2	226
7	58	227	3	227
7	58	228	4	228
7	58	229	5	229
7	60	235	1	235
7	60	236	2	236
7	60	237	3	237
7	60	238	4	238
7	60	239	5	239
7	60	240	6	240
7	60	241	7	241
7	60	242	8	242
7	60	243	9	243
7	61	244	1	244
7	61	245	2	245
7	62	246	1	246
7	62	247	2	247
7	63	248	1	248
7	63	249	2	249
7	63	250	3	250
7	63	251	4	251
7	64	252	1	252
7	64	253	2	253
7	65	254	1	254
7	65	255	2	255
7	66	256	1	256
7	66	257	2	257
7	66	258	3	258
7	66	259	4	259
7	66	260	5	260
7	66	261	6	261
7	67	262	1	262
7	67	263	2	263
7	67	264	3	264
7	67	265	4	265
7	68	266	1	266
7	68	267	2	267
7	68	268	3	268
7	68	269	4	269
7	68	270	5	270
7	68	271	6	271
7	68	272	7	272
7	68	273	8	273
7	68	274	9	274
7	68	275	10	275
7	68	276	11	276
7	68	277	12	277
7	68	278	13	278
7	68	279	14	279
7	68	280	15	280
7	68	281	16	281
7	68	282	17	282
7	68	283	18	283
7	68	284	19	284
7	68	285	20	285
7	68	286	21	286
7	68	287	22	287
7	68	288	23	288
7	68	289	24	289
7	68	290	25	290
7	68	291	26	291
7	68	292	27	292
7	68	293	28	293
7	68	294	29	294
7	68	295	30	295
7	68	296	31	296
7	69	297	1	297
7	69	298	2	298
7	69	299	3	299
7	69	300	4	300
7	70	301	1	301
7	70	302	2	302
7	71	303	1	303
7	71	304	2	304
7	71	305	3	305
7	71	306	4	306
7	72	307	1	307
7	72	308	2	308
7	73	309	1	309
7	74	310	1	310
7	74	311	2	311
7	76	313	1	313
7	76	314	2	314
7	77	315	1	315
7	77	316	2	316
7	77	317	3	317
7	78	318	1	318
7	78	319	2	319
7	78	320	3	320
7	79	321	1	321
7	79	322	2	322
7	80	323	1	323
7	80	324	2	324
7	81	325	1	325
7	81	326	2	326
7	81	327	3	327
7	81	328	4	328
7	82	329	1	329
7	82	330	2	330
7	82	331	3	331
7	82	332	4	332
7	82	333	5	333
7	82	334	6	334
7	83	335	1	335
7	83	336	2	336
7	84	337	1	337
7	84	338	2	338
7	86	341	1	341
7	86	342	2	342
7	87	343	1	343
7	87	344	2	344
7	87	345	3	345
7	88	346	1	346
7	88	347	2	347
7	88	348	3	348
7	88	349	4	349
7	88	350	5	350
7	88	351	6	351
7	88	352	7	352
7	88	353	8	353
7	88	354	9	354
7	88	355	10	355
7	88	356	11	356
7	88	357	12	357
7	89	358	1	358
7	89	359	2	359
7	89	360	3	360
7	89	361	4	361
7	89	362	5	362
7	90	363	1	363
7	90	364	2	364
7	90	365	3	365
7	90	366	4	366
7	90	367	5	367
7	91	368	1	368
7	91	369	2	369
7	92	371	1	371
7	92	372	2	372
7	93	373	1	373
7	93	374	2	374
7	94	375	1	375
7	94	376	2	376
7	95	377	1	377
7	95	378	2	378
7	95	379	3	379
7	95	380	4	380
7	95	381	5	381
7	95	382	6	382
7	95	383	7	383
7	95	384	8	384
7	95	385	9	385
7	95	386	10	386
7	95	387	11	387
7	96	388	1	388
7	96	389	2	389
7	96	390	3	390
7	96	391	4	391
7	97	392	1	392
7	97	393	2	393
7	98	394	1	394
7	98	395	2	395
7	98	396	3	396
7	98	397	4	397
7	98	398	5	398
7	99	399	1	399
7	99	400	2	400
7	99	401	3	401
7	99	402	4	402
7	100	403	1	403
7	100	404	2	404
7	101	405	1	405
7	101	406	2	406
7	102	407	1	407
7	102	408	2	408
7	102	409	3	409
7	103	410	1	410
7	103	411	2	411
7	104	413	1	413
7	104	414	2	414
7	105	415	1	415
7	105	416	2	416
7	106	417	2	417
7	106	418	3	418
7	106	419	4	419
7	106	420	5	420
7	106	421	6	421
7	106	422	7	422
7	106	1576	1	1576
7	107	150	26	1579
7	107	152	27	1580
7	107	156	28	1581
7	107	423	1	423
7	107	424	2	424
7	107	425	3	425
7	107	426	4	426
7	107	427	5	427
7	107	429	6	429
7	107	430	7	430
7	107	431	8	431
7	107	432	9	432
7	107	433	10	433
7	107	434	11	434
7	107	435	12	435
7	107	436	13	436
7	107	438	14	438
7	107	439	15	439
7	107	440	16	440
7	107	441	17	441
7	107	442	18	442
7	107	443	19	443
7	107	444	20	444
7	107	445	21	445
7	107	446	22	446
7	107	447	23	447
7	107	448	24	448
7	107	449	25	449
7	108	451	1	451
7	108	452	2	452
7	108	453	3	453
7	108	454	4	454
7	108	455	5	455
7	108	456	6	456
7	108	458	7	458
7	108	459	8	459
7	108	461	9	461
7	108	462	10	462
7	108	463	11	463
7	108	464	12	464
7	108	465	13	465
7	108	466	14	466
7	108	467	15	467
7	108	468	16	468
7	108	469	17	469
7	109	470	1	470
7	109	471	2	471
7	112	1577	1	1577
7	112	1578	2	1578
