7	4	1	2	A12_A12ABN02
7	4	1	3	A12_A12ABN03
7	4	1	4	A12_A12ABN04
7	4	1	5	A12_A12ABN05
7	4	1	6	A12_A12ABN06
7	4	4	11	A12_A12AFW02
7	4	4	12	A12_A12AFW03
7	4	4	13	A12_A12AFW04
7	4	4	14	A12_A12AFW05
7	4	5	16	A12_A12AHK02
7	4	5	17	A12_A12AHK03
7	4	5	18	A12_A12AHK04
7	4	6	20	A12_A12AHV02
7	4	8	64	A12_A12ALB02
7	4	8	65	A12_A12ALB03
7	4	8	66	A12_A12ALB04
7	4	8	67	A12_A12ALB05
7	4	9	69	A12_A12ANL02
7	4	10	71	A12_A12ARE02
7	4	10	72	A12_A12ARE03
7	4	10	73	A12_A12ARE04
7	4	10	74	A12_A12ARE05
7	4	11	76	A12_A12ASC02
7	4	13	80	A12_A12ASS02
7	4	13	81	A12_A12ASS03
7	4	13	82	A12_A12ASS04
7	4	13	83	A12_A12ASS05
7	4	14	85	A12_A12AST02
7	4	14	86	A12_A12AST03
7	4	14	87	A12_A12AST04
7	4	14	88	A12_A12AST05
7	4	15	90	A12_A12ASV02
7	4	16	92	A12_A12ATT02
7	4	17	94	A12_A12AUF02
7	4	17	95	A12_A12AUF03
7	4	17	96	A12_A12AUF04
7	4	19	100	A12_A12BED02
7	4	20	102	A12_A12BOD02
7	4	20	103	A12_A12BOD03
7	4	20	104	A12_A12BOD04
7	4	21	106	A12_A12BSH02
7	4	21	107	A12_A12BSH03
7	4	22	109	A12_A12DBW02
7	4	23	111	A12_A12DEH02
7	4	27	119	A12_A12DTP02
7	4	28	121	A12_A12DUO02
7	4	29	123	A12_A12EHA02
7	4	29	124	A12_A12EHA03
7	4	29	125	A12_A12EHA04
7	4	30	127	A12_A12EIL02
7	4	32	130	A12_A12FEU02
7	4	32	131	A12_A12FEU03
7	4	33	134	A12_A12FRA03
7	4	33	135	A12_A12FRA04
7	4	33	136	A12_A12FRA05
7	4	33	137	A12_A12FRA06
7	4	34	139	A12_A12FST02
7	4	35	141	A12_A12FSW02
7	4	35	142	A12_A12FSW03
7	4	35	143	A12_A12FSW04
7	4	35	144	A12_A12FSW05
7	4	35	145	A12_A12FSW06
7	4	35	146	A12_A12FSW07
7	4	35	147	A12_A12FSW08
7	4	37	165	A12_A12GIP02
7	4	39	170	A12_A12GSC02
7	4	41	177	A12_A12HAS04
7	4	41	178	A12_A12HAS05
7	4	41	179	A12_A12HAS06
7	4	41	180	A12_A12HAS07
7	4	41	181	A12_A12HAS08
7	4	42	183	A12_A12HBE02
7	4	43	185	A12_A12HBL02
7	4	44	187	A12_A12HIR02
7	4	45	189	A12_A12HKI02
7	4	46	191	A12_A12HMA02
7	4	47	193	A12_A12KAA02
7	4	47	194	A12_A12KAA03
7	4	47	195	A12_A12KAA04
7	4	47	196	A12_A12KAA05
7	4	48	198	A12_A12KAB02
7	4	48	199	A12_A12KAB03
7	4	48	200	A12_A12KAB04
7	4	48	201	A12_A12KAB05
7	4	49	203	A12_A12KIP02
7	4	49	204	A12_A12KIP03
7	4	49	205	A12_A12KIP04
7	4	50	207	A12_A12KOE02
7	4	52	212	A12_A12KON02
7	4	52	213	A12_A12KON03
7	4	54	218	A12_A12KSC02
7	4	55	220	A12_A12KTP02
7	4	55	221	A12_A12KTP03
7	4	56	223	A12_A12LAA02
7	4	58	227	A12_A12LAQ03
7	4	58	228	A12_A12LAQ04
7	4	58	229	A12_A12LAQ05
7	4	60	235	A12_A12MOD01
7	4	60	236	A12_A12MOD02
7	4	60	237	A12_A12MOD03
7	4	60	238	A12_A12MOD04
7	4	60	239	A12_A12MOD05
7	4	60	240	A12_A12MOD06
7	4	60	241	A12_A12MOD07
7	4	60	242	A12_A12MOD08
7	4	60	243	A12_A12MOD09
7	4	61	245	A12_A12MON02
7	4	63	249	A12_A12OEL02
7	4	64	253	A12_A12PRE02
7	4	65	255	A12_A12PSC02
7	4	66	257	A12_A12RAU02
7	4	66	258	A12_A12RAU03
7	4	66	259	A12_A12RAU04
7	4	66	260	A12_A12RAU05
7	4	66	261	A12_A12RAU06
7	4	67	263	A12_A12SML02
7	4	67	264	A12_A12SML03
7	4	67	265	A12_A12SML04
7	4	69	298	A12_A12SSV02
7	4	69	299	A12_A12SSV03
7	4	70	302	A12_A12STE02
7	4	71	303	A12_A12STK01
7	4	71	305	A12_A12STK03
7	4	71	306	A12_A12STK04
7	4	72	308	A12_A12TFR02
7	4	74	311	A12_A12UBS02
7	4	76	314	A12_A12UFS02
7	4	77	316	A12_A12UKH02
7	4	77	317	A12_A12UKH03
7	4	78	319	A12_A12UTP02
7	4	78	320	A12_A12UTP03
7	4	79	322	A12_A12VSS02
7	4	80	324	A12_A12WMA02
7	4	81	326	A12_A12ZEN02
7	4	81	327	A12_A12ZEN03
7	4	81	328	A12_A12ZEN04
7	4	83	336	A12_A12KAM02
7	4	84	338	A12_A12KAN02
7	4	86	342	A12_A12KEA02
7	4	87	344	A12_A12KMO02
7	4	87	345	A12_A12KMO03
7	4	88	347	A12_A12KOT02
7	4	88	348	A12_A12KOT03
7	4	88	349	A12_A12KOT04
7	4	88	350	A12_A12KOT05
7	4	88	351	A12_A12KOT06
7	4	88	352	A12_A12KOT07
7	4	88	353	A12_A12KOT08
7	4	88	354	A12_A12KOT09
7	4	88	355	A12_A12KOT10
7	4	88	356	A12_A12KOT11
7	4	88	357	A12_A12KOT12
7	4	89	359	A12_A12KRE02
7	4	89	360	A12_A12KRE03
7	4	89	361	A12_A12KRE04
7	4	89	362	A12_A12KRE05
7	4	90	364	A12_A12KST02
7	4	90	365	A12_A12KST03
7	4	90	366	A12_A12KST04
7	4	90	367	A12_A12KST05
7	4	91	369	A12_A12LAD02
7	4	92	372	A12_A12LLO02
7	4	93	374	A12_A12MAK02
7	4	94	376	A12_A12MAU02
7	4	95	378	A12_A12MKO02
7	4	95	379	A12_A12MKO03
7	4	95	380	A12_A12MKO04
7	4	95	381	A12_A12MKO05
7	4	95	382	A12_A12MKO06
7	4	95	383	A12_A12MKO07
7	4	95	384	A12_A12MKO08
7	4	95	385	A12_A12MKO09
7	4	95	386	A12_A12MKO10
7	4	95	387	A12_A12MKO11
7	4	96	389	A12_A12MSV02
7	4	96	390	A12_A12MSV03
7	4	97	393	A12_A12MWH02
7	4	98	395	A12_A12SIC02
7	4	98	396	A12_A12SIC03
7	4	98	397	A12_A12SIC04
7	4	98	398	A12_A12SIC05
7	4	99	400	A12_A12STB02
7	4	99	401	A12_A12STB03
7	4	99	402	A12_A12STB04
7	4	100	404	A12_A12ULP02
7	4	102	408	A12_A12VKT02
7	4	102	409	A12_A12VKT03
7	4	103	411	A12_A12VLK02
7	4	104	414	A12_A12VLO02
7	4	105	416	A12_A12WKH02
7	4	109	471	A12_A12PUM02
