349	2	5	T
349	2	6	T
349	2	9	T
349	2	10	T
349	2	14	T
349	2	27	T
349	2	41	T
349	2	42	T
349	2	53	T
349	2	69	T
349	2	70	T
349	2	71	T
349	2	72	T
349	2	73	T
349	2	74	T
349	2	75	T
349	2	76	T
349	2	77	T
349	2	78	T
349	2	79	T
349	2	80	T
349	2	81	T
349	2	82	T
349	2	83	T
349	2	84	T
349	2	85	T
349	2	86	T
349	2	87	T
349	2	88	T
349	2	89	T
349	2	90	T
349	2	91	T
349	2	92	T
349	2	93	T
349	2	94	T
349	2	95	T
349	2	96	T
349	2	97	T
349	2	98	T
349	2	99	T
349	2	100	T
349	2	101	T
349	2	102	T
349	2	103	T
349	2	104	T
349	2	105	T
349	2	106	T
349	2	107	T
349	2	108	T
349	2	109	T
349	2	110	T
349	2	111	T
349	2	112	T
349	2	113	T
349	2	114	T
349	2	115	T
349	2	116	T
349	2	117	T
349	2	118	T
349	2	119	T
349	2	120	T
349	2	121	T
349	2	122	T
349	2	123	T
349	2	124	T
349	2	125	T
349	2	126	T
349	2	127	T
349	2	128	T
349	2	129	T
349	2	130	T
349	2	131	T
349	2	132	T
349	2	133	T
349	2	134	T
349	2	135	T
349	2	136	T
349	2	137	T
349	2	138	T
349	2	139	T
349	2	140	T
349	2	141	T
349	2	142	T
349	2	143	T
349	2	144	T
349	2	145	T
349	2	146	T
349	2	147	T
349	2	148	T
349	2	149	T
349	2	150	T
349	2	151	T
349	2	152	T
349	2	153	T
349	2	154	T
349	2	155	T
349	2	156	T
349	2	157	T
349	2	158	T
349	2	159	T
349	2	160	T
349	2	161	T
349	2	162	T
349	2	163	T
349	2	164	T
349	2	165	T
349	2	166	T
349	2	167	T
349	2	168	T
349	2	169	T
349	2	170	T
349	2	171	T
349	2	172	T
349	2	173	T
349	2	174	T
349	2	175	T
349	2	176	T
349	2	177	T
349	2	178	T
349	2	179	T
349	2	180	T
349	2	181	T
349	2	182	T
349	2	183	T
349	2	184	T
349	2	185	T
349	2	186	T
349	2	187	T
349	2	188	T
349	2	189	T
349	2	190	T
349	2	191	T
349	2	192	T
349	2	193	T
349	2	194	T
349	2	195	T
349	2	196	T
349	2	197	T
349	2	198	T
349	2	199	T
349	2	200	T
349	2	201	T
349	2	202	T
349	2	203	T
349	2	204	T
349	2	205	T
349	2	206	T
349	2	207	T
349	2	208	T
349	2	209	T
349	2	210	T
349	2	211	T
349	2	212	T
349	2	213	T
349	2	214	T
349	2	215	T
349	2	216	T
349	2	217	T
349	2	218	T
349	2	219	T
349	2	220	T
349	2	221	T
349	2	222	T
349	2	223	T
349	2	224	T
349	2	225	T
349	2	226	T
349	2	227	T
349	2	228	T
349	2	229	T
349	2	230	T
349	2	231	T
349	2	232	T
349	2	233	T
349	2	234	T
349	2	235	T
349	2	236	T
349	2	237	T
349	2	238	T
349	2	239	T
349	2	240	T
349	2	241	T
349	2	242	T
349	2	243	T
349	2	244	T
349	2	245	T
349	2	246	T
349	2	247	T
349	2	248	T
349	2	249	T
349	2	250	T
349	2	251	T
349	2	252	T
349	2	253	T
349	2	254	T
349	2	255	T
349	2	256	T
349	2	257	T
349	2	258	T
349	2	259	T
349	2	260	T
349	2	261	T
349	2	262	T
349	2	263	T
349	2	264	T
349	2	265	T
349	2	266	T
349	2	267	T
349	2	268	T
349	2	269	T
349	2	270	T
349	2	271	T
349	2	272	T
349	2	273	T
349	2	274	T
349	2	275	T
349	2	276	T
349	2	277	T
349	2	278	T
349	2	279	T
349	2	280	T
349	2	281	T
349	2	282	T
349	2	283	T
349	2	284	T
349	2	285	T
349	2	286	T
349	2	287	T
349	2	288	T
349	2	289	T
349	2	290	T
349	2	291	T
349	2	292	T
349	2	293	T
349	2	294	T
349	2	295	T
349	2	296	T
349	2	297	T
349	2	298	T
349	2	299	T
349	2	300	T
349	2	301	T
349	2	302	T
349	2	303	T
349	2	304	T
349	2	305	T
349	2	306	T
349	2	307	T
349	2	308	T
349	2	309	T
349	2	310	T
349	2	311	T
349	2	312	T
349	2	313	T
349	2	314	T
349	2	315	T
349	2	316	T
349	2	317	T
349	2	318	T
349	2	319	T
349	2	320	T
349	2	321	T
349	2	322	T
349	2	323	T
349	2	324	T
349	2	325	T
349	2	326	T
349	2	327	T
349	2	328	T
349	2	329	T
349	2	330	T
349	2	331	T
349	2	332	T
349	2	333	T
349	2	334	T
349	2	335	T
349	2	336	T
349	2	337	T
349	2	338	T
349	2	339	T
349	2	340	T
349	2	341	T
349	2	342	T
349	2	343	T
349	2	344	T
349	2	345	T
349	2	346	T
349	2	347	T
349	2	348	T
349	2	349	T
349	2	350	T
349	2	351	T
349	2	352	T
349	2	353	T
349	2	354	T
349	2	355	T
349	2	356	T
349	2	357	T
349	2	358	T
349	2	359	T
349	2	360	T
349	2	361	T
349	2	362	T
349	2	363	T
349	2	364	T
349	2	365	T
349	2	366	T
349	2	367	T
349	2	368	T
349	2	369	T
349	2	370	T
349	2	371	T
349	2	372	T
349	2	373	T
349	2	374	T
349	2	375	T
349	2	376	T
349	2	377	T
349	2	378	T
349	2	379	T
349	2	380	T
349	2	381	T
349	2	382	T
349	2	383	T
349	2	384	T
349	2	385	T
349	2	386	T
349	2	387	T
349	2	388	T
349	2	389	T
349	2	390	T
349	2	391	T
349	2	392	T
349	2	393	T
349	2	394	T
349	2	395	T
349	2	396	T
349	2	397	T
349	2	398	T
349	2	399	T
349	2	400	T
349	2	401	T
349	2	402	T
349	2	403	T
349	2	404	T
349	2	405	T
349	2	406	T
349	2	407	T
349	2	408	T
349	2	409	T
349	2	410	T
349	2	411	T
349	2	412	T
349	2	413	T
349	2	414	T
349	2	415	T
349	2	416	T
349	4	455	T
349	4	456	T
349	4	457	T
349	29	10	T
349	29	72	T
349	29	73	T
349	29	74	T
349	29	75	T
349	29	76	T
349	29	77	T
349	29	78	T
349	29	79	T
349	29	80	T
349	29	81	T
349	29	82	T
349	29	83	T
349	29	84	T
349	29	85	T
349	29	86	T
349	29	87	T
349	29	88	T
349	29	90	T
349	29	91	T
349	29	92	T
349	29	101	T
349	29	102	T
349	29	103	T
349	29	105	T
349	29	106	T
349	29	107	T
349	29	110	T
349	29	111	T
349	29	112	T
349	29	113	T
349	29	114	T
349	29	119	T
349	29	139	T
349	29	151	T
349	29	161	T
349	29	287	T
349	29	288	T
349	29	291	T
349	29	293	T
349	29	458	T
349	29	466	T
349	29	478	T
349	61	10	T
349	61	41	T
349	61	72	T
349	61	73	T
349	61	74	T
349	61	75	T
349	61	76	T
349	61	77	T
349	61	78	T
349	61	79	T
349	61	80	T
349	61	81	T
349	61	82	T
349	61	83	T
349	61	84	T
349	61	85	T
349	61	86	T
349	61	87	T
349	61	88	T
349	61	90	T
349	61	91	T
349	61	92	T
349	61	93	T
349	61	94	T
349	61	95	T
349	61	96	T
349	61	97	T
349	61	98	T
349	61	99	T
349	61	100	T
349	61	101	T
349	61	102	T
349	61	103	T
349	61	105	T
349	61	106	T
349	61	107	T
349	61	108	T
349	61	109	T
349	61	110	T
349	61	111	T
349	61	112	T
349	61	113	T
349	61	114	T
349	61	119	T
349	61	139	T
349	61	151	T
349	61	161	T
349	61	172	T
349	61	287	T
349	61	288	T
349	61	291	T
349	61	293	T
349	61	457	T
349	61	458	T
349	61	466	T
349	61	478	T
349	61	481	T
349	61	482	T
349	70	10	T
349	70	72	T
349	70	73	T
349	70	74	T
349	70	75	T
349	70	76	T
349	70	77	T
349	70	78	T
349	70	79	T
349	70	80	T
349	70	81	T
349	70	82	T
349	70	83	T
349	70	84	T
349	70	85	T
349	70	86	T
349	70	87	T
349	70	88	T
349	70	90	T
349	70	91	T
349	70	92	T
349	70	101	T
349	70	102	T
349	70	103	T
349	70	105	T
349	70	106	T
349	70	107	T
349	70	110	T
349	70	111	T
349	70	112	T
349	70	113	T
349	70	114	T
349	70	119	T
349	70	139	T
349	70	151	T
349	70	161	T
349	70	287	T
349	70	288	T
349	70	291	T
349	70	293	T
349	70	458	T
349	70	466	T
349	70	478	T
349	99	10	T
349	99	53	T
349	99	72	T
349	99	73	T
349	99	74	T
349	99	75	T
349	99	76	T
349	99	77	T
349	99	78	T
349	99	79	T
349	99	80	T
349	99	81	T
349	99	82	T
349	99	83	T
349	99	84	T
349	99	85	T
349	99	86	T
349	99	87	T
349	99	88	T
349	99	90	T
349	99	91	T
349	99	92	T
349	99	101	T
349	99	102	T
349	99	103	T
349	99	105	T
349	99	106	T
349	99	107	T
349	99	108	T
349	99	109	T
349	99	110	T
349	99	111	T
349	99	112	T
349	99	113	T
349	99	114	T
349	99	119	T
349	99	121	T
349	99	139	T
349	99	151	T
349	99	161	T
349	99	287	T
349	99	288	T
349	99	291	T
349	99	293	T
349	99	458	T
349	99	466	T
349	99	478	T
349	128	483	T
349	133	483	T
349	135	483	T
349	141	14	T
349	141	211	T
349	141	288	T
349	141	455	T
349	141	456	T
349	141	484	T
349	141	733	T
349	141	734	T
349	141	735	T
349	141	736	T
349	141	737	T
349	141	738	T
349	141	739	T
349	141	772	T
349	141	773	T
349	141	774	T
349	141	775	T
349	141	776	T
349	141	777	T
349	141	778	T
349	141	779	T
349	141	780	T
349	141	781	T
349	141	782	T
349	141	783	T
349	141	784	T
349	141	785	T
349	141	786	T
349	141	787	T
349	141	788	T
349	141	789	T
349	141	790	T
349	141	791	T
349	141	792	T
349	141	793	T
349	141	794	T
349	141	795	T
349	141	796	T
349	141	797	T
349	141	798	T
349	141	799	T
349	141	800	T
349	141	801	T
349	141	802	T
349	141	803	T
349	141	804	T
349	141	805	T
349	141	806	T
349	141	807	T
349	141	808	T
349	141	809	T
349	141	810	T
349	141	811	T
349	141	812	T
349	141	813	T
349	141	814	T
349	141	815	T
349	141	816	T
349	141	817	T
349	141	818	T
349	141	819	T
349	141	820	T
349	141	821	T
349	141	822	T
349	141	823	T
349	141	824	T
349	141	825	T
349	141	826	T
349	141	827	T
349	141	828	T
349	141	829	T
349	141	830	T
349	141	831	T
349	141	832	T
349	141	833	T
349	141	834	T
349	141	835	T
349	141	836	T
349	141	837	T
349	141	838	T
349	141	839	T
349	141	840	T
349	141	841	T
349	141	842	T
349	145	10	T
349	145	14	T
349	145	41	T
349	145	72	T
349	145	73	T
349	145	74	T
349	145	75	T
349	145	76	T
349	145	77	T
349	145	78	T
349	145	79	T
349	145	80	T
349	145	81	T
349	145	82	T
349	145	83	T
349	145	84	T
349	145	85	T
349	145	87	T
349	145	88	T
349	145	90	T
349	145	91	T
349	145	92	T
349	145	93	T
349	145	94	T
349	145	95	T
349	145	96	T
349	145	97	T
349	145	98	T
349	145	99	T
349	145	100	T
349	145	101	T
349	145	102	T
349	145	103	T
349	145	104	T
349	145	105	T
349	145	106	T
349	145	107	T
349	145	108	T
349	145	109	T
349	145	110	T
349	145	111	T
349	145	112	T
349	145	113	T
349	145	114	T
349	145	139	T
349	145	145	T
349	145	146	T
349	145	148	T
349	145	151	T
349	145	161	T
349	145	167	T
349	145	254	T
349	145	255	T
349	145	256	T
349	145	287	T
349	145	288	T
349	145	376	T
349	145	377	T
349	145	378	T
349	145	379	T
349	145	380	T
349	145	381	T
349	145	382	T
349	145	383	T
349	145	384	T
349	145	385	T
349	145	386	T
349	145	387	T
349	145	458	T
349	145	466	T
349	145	733	T
349	145	734	T
349	145	735	T
349	145	736	T
349	145	737	T
349	145	738	T
349	145	739	T
349	145	814	T
349	145	815	T
349	145	816	T
349	145	817	T
349	145	818	T
349	145	819	T
349	145	820	T
349	145	821	T
349	145	822	T
349	145	823	T
349	145	824	T
349	145	825	T
349	145	826	T
349	145	827	T
349	145	828	T
349	145	831	T
349	145	834	T
349	145	835	T
349	145	839	T
349	145	840	T
349	145	978	T
349	145	979	T
349	145	980	T
349	145	981	T
349	145	982	T
349	145	983	T
349	145	984	T
349	145	985	T
349	145	986	T
349	145	987	T
349	145	988	T
349	145	989	T
349	145	990	T
349	145	991	T
349	145	992	T
349	145	993	T
349	145	994	T
349	145	995	T
349	145	996	T
349	145	997	T
349	145	998	T
349	145	1035	T
349	184	10	T
349	184	14	T
349	184	41	T
349	184	72	T
349	184	73	T
349	184	74	T
349	184	75	T
349	184	76	T
349	184	77	T
349	184	78	T
349	184	79	T
349	184	80	T
349	184	81	T
349	184	82	T
349	184	83	T
349	184	84	T
349	184	85	T
349	184	87	T
349	184	88	T
349	184	90	T
349	184	91	T
349	184	92	T
349	184	93	T
349	184	94	T
349	184	95	T
349	184	96	T
349	184	97	T
349	184	98	T
349	184	99	T
349	184	100	T
349	184	101	T
349	184	102	T
349	184	103	T
349	184	104	T
349	184	105	T
349	184	106	T
349	184	107	T
349	184	108	T
349	184	109	T
349	184	110	T
349	184	111	T
349	184	112	T
349	184	113	T
349	184	114	T
349	184	139	T
349	184	145	T
349	184	146	T
349	184	148	T
349	184	151	T
349	184	161	T
349	184	167	T
349	184	254	T
349	184	255	T
349	184	256	T
349	184	287	T
349	184	288	T
349	184	376	T
349	184	377	T
349	184	378	T
349	184	379	T
349	184	380	T
349	184	381	T
349	184	382	T
349	184	383	T
349	184	384	T
349	184	385	T
349	184	386	T
349	184	387	T
349	184	458	T
349	184	466	T
349	184	733	T
349	184	734	T
349	184	735	T
349	184	736	T
349	184	737	T
349	184	738	T
349	184	739	T
349	184	814	T
349	184	815	T
349	184	816	T
349	184	817	T
349	184	818	T
349	184	819	T
349	184	820	T
349	184	821	T
349	184	822	T
349	184	823	T
349	184	824	T
349	184	825	T
349	184	826	T
349	184	827	T
349	184	828	T
349	184	831	T
349	184	834	T
349	184	835	T
349	184	839	T
349	184	840	T
349	184	978	T
349	184	979	T
349	184	980	T
349	184	981	T
349	184	982	T
349	184	983	T
349	184	984	T
349	184	985	T
349	184	986	T
349	184	987	T
349	184	988	T
349	184	989	T
349	184	990	T
349	184	991	T
349	184	992	T
349	184	993	T
349	184	994	T
349	184	995	T
349	184	996	T
349	184	997	T
349	184	998	T
349	186	119	T
349	186	120	T
349	186	121	T
349	186	455	T
349	186	456	T
349	186	738	T
349	186	739	T
349	186	1113	T
349	251	88	T
349	256	10	T
349	256	14	T
349	256	53	T
349	256	72	T
349	256	73	T
349	256	74	T
349	256	75	T
349	256	76	T
349	256	77	T
349	256	78	T
349	256	79	T
349	256	80	T
349	256	81	T
349	256	82	T
349	256	83	T
349	256	84	T
349	256	85	T
349	256	86	T
349	256	87	T
349	256	88	T
349	256	90	T
349	256	91	T
349	256	92	T
349	256	93	T
349	256	94	T
349	256	95	T
349	256	96	T
349	256	97	T
349	256	98	T
349	256	99	T
349	256	100	T
349	256	101	T
349	256	102	T
349	256	103	T
349	256	105	T
349	256	106	T
349	256	107	T
349	256	108	T
349	256	109	T
349	256	110	T
349	256	111	T
349	256	112	T
349	256	113	T
349	256	114	T
349	256	139	T
349	256	151	T
349	256	161	T
349	256	287	T
349	256	288	T
349	256	331	T
349	256	386	T
349	256	387	T
349	256	458	T
349	256	1160	T
349	256	1161	T
349	259	87	T
349	259	88	T
349	261	119	T
349	261	1171	T
349	261	1172	T
349	263	120	T
349	263	121	T
349	276	163	T
349	276	164	T
349	276	1187	T
349	276	1188	T
349	276	1189	T
349	279	1187	T
349	286	1189	T
349	286	1190	T
349	286	1191	T
349	286	1192	T
349	286	1193	T
349	286	1194	T
349	286	1195	T
349	286	1196	T
349	286	1197	T
349	286	1198	T
349	286	1199	T
349	286	1200	T
349	286	1201	T
349	286	1202	T
349	286	1203	T
349	286	1204	T
349	286	1205	T
349	286	1206	T
349	286	1207	T
349	286	1208	T
349	286	1209	T
349	286	1210	T
349	286	1211	T
349	286	1212	T
349	286	1213	T
349	286	1214	T
349	286	1215	T
349	286	1216	T
349	286	1217	T
349	286	1218	T
349	286	1219	T
349	286	1220	T
349	286	1221	T
349	286	1222	T
349	286	1223	T
349	286	1224	T
349	286	1225	T
349	286	1226	T
349	290	92	T
349	290	93	T
349	290	94	T
349	290	99	T
349	290	255	T
349	290	256	T
349	290	1227	T
349	290	1246	T
349	290	1247	T
349	290	1248	T
349	290	1249	T
349	290	1250	T
349	290	1251	T
349	290	1252	T
349	290	1253	T
349	290	1254	T
349	290	1255	T
349	290	1256	T
349	290	1257	T
349	290	1258	T
349	290	1259	T
349	290	1260	T
349	290	1261	T
349	290	1262	T
349	290	1263	T
349	290	1264	T
349	290	1265	T
349	295	172	T
349	295	173	T
349	295	174	T
349	295	175	T
349	295	176	T
349	295	177	T
349	295	178	T
349	295	179	T
349	295	180	T
349	295	181	T
349	295	182	T
349	295	183	T
349	295	184	T
349	295	185	T
349	295	186	T
349	295	187	T
349	295	188	T
349	295	189	T
349	295	190	T
349	295	191	T
349	295	192	T
349	295	194	T
349	295	195	T
349	295	197	T
349	295	198	T
349	295	199	T
349	295	200	T
349	295	201	T
349	295	202	T
349	295	203	T
349	295	204	T
349	295	205	T
349	295	206	T
349	295	207	T
349	295	208	T
349	295	209	T
349	295	210	T
349	295	283	T
349	295	1266	T
349	295	1267	T
349	295	1268	T
349	295	1269	T
349	295	1270	T
349	295	1271	T
349	295	1272	T
349	295	1273	T
349	295	1274	T
349	295	1275	T
349	295	1276	T
349	295	1277	T
349	295	1278	T
349	295	1279	T
349	295	1280	T
349	295	1281	T
349	295	1282	T
349	295	1283	T
349	295	1284	T
349	295	1285	T
349	295	1286	T
349	295	1287	T
349	295	1288	T
349	295	1289	T
349	295	1290	T
349	295	1291	T
349	295	1292	T
349	295	1293	T
349	295	1294	T
349	295	1295	T
349	295	1296	T
349	295	1297	T
349	295	1298	T
349	295	1299	T
349	295	1300	T
349	295	1301	T
349	295	1302	T
349	295	1303	T
349	295	1308	T
349	295	1380	T
349	295	1383	T
349	295	1387	T
349	295	1389	T
349	295	1393	T
349	295	1394	T
349	295	1395	T
349	295	1396	T
349	295	1397	T
349	295	1398	T
349	295	1399	T
349	295	1400	T
349	295	1401	T
349	295	1402	T
349	295	1403	T
349	295	1404	T
349	295	1405	T
349	295	1406	T
349	295	1407	T
349	295	1408	T
349	295	1409	T
349	295	1410	T
349	295	1411	T
349	295	1412	T
349	295	1413	T
349	295	1414	T
349	295	1415	T
349	295	1416	T
349	295	1417	T
349	295	1418	T
349	295	1419	T
349	295	1420	T
349	295	1421	T
349	295	1422	T
349	295	1423	T
349	295	1424	T
349	295	1425	T
349	295	1426	T
349	295	1427	T
349	295	1428	T
349	295	1429	T
349	295	1430	T
349	295	1431	T
349	295	1432	T
349	295	1433	T
349	295	1434	T
349	295	1435	T
349	295	1436	T
349	295	1437	T
349	295	1438	T
349	295	1439	T
349	295	1440	T
349	295	1441	T
349	295	1442	T
349	295	1443	T
349	295	1444	T
349	358	119	T
349	358	139	T
349	358	151	T
349	358	255	T
349	358	256	T
349	358	257	T
349	358	258	T
349	358	259	T
349	358	260	T
349	358	261	T
349	358	262	T
349	358	287	T
349	358	288	T
349	358	293	T
349	358	331	T
349	358	458	T
349	358	466	T
349	358	1160	T
349	358	1161	T
349	358	1463	T
349	358	1464	T
349	358	1465	T
349	358	1466	T
349	358	1843	T
349	358	1844	T
349	358	1845	T
349	358	1846	T
349	358	1847	T
349	358	1848	T
349	358	1849	T
349	358	1850	T
349	358	1851	T
349	358	1852	T
349	358	1853	T
349	358	1855	T
349	358	1858	T
349	358	1859	T
349	358	1860	T
349	358	1861	T
349	358	1862	T
349	358	1863	T
349	358	1864	T
349	358	1865	T
349	358	1866	T
349	358	1867	T
349	358	1868	T
349	358	1869	T
349	358	1870	T
349	358	1871	T
349	358	1872	T
349	358	1873	T
349	358	1874	T
349	358	1875	T
349	358	1876	T
349	358	1877	T
349	358	1878	T
349	521	14	T
349	521	70	T
349	521	71	T
349	521	102	T
349	521	103	T
349	521	111	T
349	521	112	T
349	521	114	T
349	521	119	T
349	521	139	T
349	521	145	T
349	521	150	T
349	521	151	T
349	521	263	T
349	521	264	T
349	521	265	T
349	521	266	T
349	521	267	T
349	521	268	T
349	521	287	T
349	521	288	T
349	521	293	T
349	521	331	T
349	521	458	T
349	521	466	T
349	521	1259	T
349	521	1463	T
349	521	1464	T
349	521	1465	T
349	521	1466	T
349	521	1843	T
349	521	1844	T
349	521	1845	T
349	521	1846	T
349	521	1847	T
349	521	1848	T
349	521	1849	T
349	521	1850	T
349	521	1851	T
349	521	1852	T
349	521	1853	T
349	521	1855	T
349	521	1858	T
349	521	1863	T
349	521	1864	T
349	521	1865	T
349	521	1866	T
349	521	1867	T
349	521	1868	T
349	521	1870	T
349	521	1871	T
349	521	1872	T
349	521	1873	T
349	521	1874	T
349	521	1875	T
349	521	1876	T
349	521	1877	T
349	521	1878	T
349	521	1880	T
349	521	1881	T
349	521	1882	T
349	521	1883	T
349	521	1884	T
349	521	1885	T
349	521	1886	T
349	521	1887	T
349	521	1888	T
349	521	1889	T
349	521	1890	T
349	521	1891	T
349	521	1907	T
349	521	1908	T
349	521	1909	T
349	521	1910	T
349	521	1911	T
349	521	1912	T
349	521	1913	T
349	521	1914	T
349	521	1915	T
349	521	1916	T
349	521	1917	T
349	521	1918	T
349	521	2193	T
349	527	174	T
349	527	175	T
349	527	176	T
349	527	177	T
349	527	181	T
349	527	182	T
349	527	194	T
349	527	195	T
349	527	197	T
349	527	198	T
349	527	199	T
349	527	200	T
349	527	201	T
349	527	283	T
349	527	1266	T
349	527	1394	T
349	527	1395	T
349	527	1396	T
349	527	1397	T
349	527	1399	T
349	527	1400	T
349	527	1401	T
349	527	1402	T
349	527	1403	T
349	527	1404	T
349	527	1405	T
349	527	1406	T
349	527	1407	T
349	527	1408	T
349	527	1409	T
349	527	1410	T
349	527	1411	T
349	527	1412	T
349	527	1413	T
349	527	1414	T
349	527	1415	T
349	527	1416	T
349	527	1417	T
349	527	1418	T
349	527	1419	T
349	527	1420	T
349	527	1421	T
349	527	1422	T
349	527	1423	T
349	527	1424	T
349	527	1425	T
349	527	1426	T
349	527	1427	T
349	527	1428	T
349	527	1429	T
349	527	1430	T
349	527	1431	T
349	527	1432	T
349	527	1444	T
349	529	1464	T
349	529	1855	T
349	736	172	T
349	736	173	T
349	736	174	T
349	736	175	T
349	736	176	T
349	736	177	T
349	736	178	T
349	736	179	T
349	736	180	T
349	736	181	T
349	736	182	T
349	736	183	T
349	736	184	T
349	736	185	T
349	736	186	T
349	736	187	T
349	736	188	T
349	736	189	T
349	736	190	T
349	736	191	T
349	736	192	T
349	736	193	T
349	736	194	T
349	736	195	T
349	736	197	T
349	736	198	T
349	736	199	T
349	736	200	T
349	736	201	T
349	736	202	T
349	736	203	T
349	736	204	T
349	736	205	T
349	736	206	T
349	736	207	T
349	736	208	T
349	736	209	T
349	736	210	T
349	736	283	T
349	736	313	T
349	736	314	T
349	736	315	T
349	736	316	T
349	736	317	T
349	736	318	T
349	736	1258	T
349	736	1266	T
349	736	1267	T
349	736	1268	T
349	736	1269	T
349	736	1270	T
349	736	1271	T
349	736	1272	T
349	736	1273	T
349	736	1274	T
349	736	1275	T
349	736	1276	T
349	736	1277	T
349	736	1278	T
349	736	1279	T
349	736	1280	T
349	736	1281	T
349	736	1282	T
349	736	1283	T
349	736	1285	T
349	736	1286	T
349	736	1287	T
349	736	1288	T
349	736	1289	T
349	736	1290	T
349	736	1291	T
349	736	1292	T
349	736	1293	T
349	736	1294	T
349	736	1295	T
349	736	1296	T
349	736	1297	T
349	736	1298	T
349	736	1299	T
349	736	1300	T
349	736	1301	T
349	736	1302	T
349	736	1303	T
349	736	1308	T
349	736	1393	T
349	736	1394	T
349	736	1395	T
349	736	1396	T
349	736	1397	T
349	736	1398	T
349	736	1399	T
349	736	1400	T
349	736	1401	T
349	736	1402	T
349	736	1403	T
349	736	1404	T
349	736	1405	T
349	736	1406	T
349	736	1407	T
349	736	1408	T
349	736	1409	T
349	736	1410	T
349	736	1411	T
349	736	1412	T
349	736	1413	T
349	736	1414	T
349	736	1415	T
349	736	1416	T
349	736	1417	T
349	736	1418	T
349	736	1419	T
349	736	1420	T
349	736	1421	T
349	736	1422	T
349	736	1423	T
349	736	1424	T
349	736	1425	T
349	736	1426	T
349	736	1427	T
349	736	1428	T
349	736	1429	T
349	736	1430	T
349	736	1431	T
349	736	1432	T
349	736	1434	T
349	736	1435	T
349	736	1436	T
349	736	1437	T
349	736	1438	T
349	736	1439	T
349	736	1440	T
349	736	1441	T
349	736	1442	T
349	736	1443	T
349	736	1444	T
349	736	2236	T
349	736	2385	T
349	736	2388	T
349	736	2389	T
349	736	2390	T
349	736	2391	T
349	736	2392	T
349	736	2393	T
349	736	2394	T
349	736	2395	T
349	736	2396	T
349	736	2397	T
349	736	2398	T
349	736	2399	T
349	736	2400	T
349	736	2401	T
349	736	2402	T
349	736	2403	T
349	736	2404	T
349	736	2405	T
349	736	2406	T
349	736	2407	T
349	736	2408	T
349	770	14	T
349	770	41	T
349	770	71	T
349	770	111	T
349	770	114	T
349	770	146	T
349	770	269	T
349	770	270	T
349	770	271	T
349	770	272	T
349	770	273	T
349	770	274	T
349	770	1259	T
349	770	1863	T
349	770	1864	T
349	770	1865	T
349	770	1866	T
349	770	1867	T
349	770	1868	T
349	770	1870	T
349	770	1871	T
349	770	1872	T
349	770	1873	T
349	770	1874	T
349	770	1875	T
349	770	1876	T
349	770	1877	T
349	770	1878	T
349	770	1880	T
349	770	1881	T
349	770	1882	T
349	770	1883	T
349	770	1884	T
349	770	1885	T
349	770	1907	T
349	770	1908	T
349	770	1909	T
349	770	1910	T
349	770	1911	T
349	770	1912	T
349	770	1913	T
349	770	1914	T
349	770	1915	T
349	770	1916	T
349	770	1917	T
349	770	1918	T
349	770	2669	T
349	770	2747	T
349	771	1886	T
349	771	1887	T
349	771	1888	T
349	771	1889	T
349	771	1890	T
349	771	1891	T
349	771	2748	T
349	794	483	T
349	796	483	T
349	798	483	T
349	800	483	T
349	802	483	T
349	804	483	T
349	806	483	T
349	808	483	T
349	810	483	T
349	812	483	T
349	814	483	T
349	816	483	T
349	1029	483	T
349	1031	483	T
349	1033	483	T
349	1035	483	T
349	1039	483	T
349	1041	483	T
349	1043	483	T
349	1045	483	T
349	1047	483	T
349	1049	483	T
349	1051	483	T
349	1053	483	T
349	1055	483	T
349	1057	483	T
349	1059	483	T
349	1061	483	T
349	1269	2866	T
349	1269	2867	T
349	1269	2868	T
349	1269	2869	T
349	1269	2870	T
349	1269	2871	T
349	1269	2872	T
349	1269	2873	T
349	1269	2874	T
349	1269	2875	T
349	1269	2876	T
349	1269	2877	T
349	1269	2878	T
349	1269	2879	T
349	1269	2880	T
349	1269	2881	T
349	1269	2882	T
349	1269	2883	T
349	1269	2884	T
349	1269	2885	T
349	1269	2886	T
349	1269	2887	T
349	1271	195	T
349	1271	196	T
349	1271	205	T
349	1271	206	T
349	1271	207	T
349	1271	1266	T
349	1271	1267	T
349	1271	1268	T
349	1271	1269	T
349	1271	1270	T
349	1271	1271	T
349	1271	1272	T
349	1271	1285	T
349	1271	1286	T
349	1271	1287	T
349	1271	1288	T
349	1271	1289	T
349	1271	1303	T
349	1271	1308	T
349	1271	1393	T
349	1271	1394	T
349	1271	1399	T
349	1271	1400	T
349	1271	1401	T
349	1271	1402	T
349	1271	1403	T
349	1271	1404	T
349	1271	1405	T
349	1271	1417	T
349	1271	1418	T
349	1271	1419	T
349	1271	1420	T
349	1271	1421	T
349	1271	1442	T
349	1271	1443	T
349	1271	2901	T
349	1271	2907	T
349	1271	2908	T
349	1271	2912	T
349	1271	3029	T
349	1271	3085	T
349	1271	3086	T
349	1361	10	T
349	1361	41	T
349	1361	72	T
349	1361	73	T
349	1361	74	T
349	1361	75	T
349	1361	76	T
349	1361	83	T
349	1361	84	T
349	1361	86	T
349	1361	87	T
349	1361	88	T
349	1361	90	T
349	1361	91	T
349	1361	92	T
349	1361	101	T
349	1361	102	T
349	1361	105	T
349	1361	106	T
349	1361	107	T
349	1361	108	T
349	1361	110	T
349	1361	111	T
349	1361	112	T
349	1361	113	T
349	1361	114	T
349	1361	139	T
349	1361	151	T
349	1361	161	T
349	1361	287	T
349	1361	288	T
349	1361	291	T
349	1361	458	T
349	1361	466	T
349	1361	2866	T
349	1361	2867	T
349	1361	2868	T
349	1361	2869	T
349	1361	2870	T
349	1361	2871	T
349	1361	2872	T
349	1361	2873	T
349	1361	2874	T
349	1361	2875	T
349	1361	2876	T
349	1361	2877	T
349	1361	2878	T
349	1361	2879	T
349	1361	2880	T
349	1361	2881	T
349	1361	2882	T
349	1361	2883	T
349	1361	3088	T
349	1361	3089	T
349	1361	3321	T
349	1361	3322	T
349	1361	3323	T
349	1361	3324	T
349	1361	3325	T
349	1361	3326	T
349	1362	1886	T
349	1362	2866	T
349	1362	2872	T
349	1362	2878	T
349	1362	3321	T
349	1362	3569	T
349	1363	1887	T
349	1363	2867	T
349	1363	2873	T
349	1363	2879	T
349	1363	3322	T
349	1363	3656	T
349	1364	1888	T
349	1364	2868	T
349	1364	2874	T
349	1364	2880	T
349	1364	3323	T
349	1364	3737	T
349	1365	1889	T
349	1365	2869	T
349	1365	2875	T
349	1365	2881	T
349	1365	3324	T
349	1365	3818	T
349	1366	1890	T
349	1366	2870	T
349	1366	2876	T
349	1366	2882	T
349	1366	3325	T
349	1366	3899	T
349	1367	1891	T
349	1367	2871	T
349	1367	2877	T
349	1367	2883	T
349	1367	3326	T
349	1367	3980	T
349	1368	42	T
349	1368	77	T
349	1368	78	T
349	1368	79	T
349	1368	80	T
349	1368	81	T
349	1368	82	T
349	1368	85	T
349	1368	93	T
349	1368	94	T
349	1368	95	T
349	1368	96	T
349	1368	97	T
349	1368	98	T
349	1368	99	T
349	1368	100	T
349	1368	103	T
349	1368	109	T
349	1368	293	T
349	1368	4041	T
349	1368	4042	T
349	1368	4043	T
349	1368	4044	T
349	1368	4045	T
349	1368	4046	T
349	1368	4047	T
349	1368	4048	T
349	1581	1266	T
349	1581	1394	T
349	1583	10	T
349	1583	41	T
349	1583	88	T
349	1583	89	T
349	1583	287	T
349	1583	288	T
349	1583	2866	T
349	1583	2867	T
349	1583	2868	T
349	1583	2869	T
349	1583	2870	T
349	1583	2871	T
349	1985	483	T
349	1987	483	T
349	1989	483	T
349	1991	483	T
349	1993	483	T
349	1995	483	T
349	1997	483	T
349	1999	483	T
349	2001	483	T
349	2003	483	T
349	2005	483	T
349	2007	483	T
349	2009	483	T
349	2011	483	T
349	2013	483	T
349	2015	483	T
349	2017	483	T
349	2019	483	T
349	2021	483	T
349	2023	483	T
349	2025	483	T
349	2027	483	T
349	2029	483	T
349	2031	483	T
349	2033	483	T
349	2035	483	T
349	2037	483	T
349	2039	483	T
349	2041	483	T
349	2043	483	T
349	2045	483	T
349	2047	483	T
349	2348	483	T
349	2350	483	T
349	2352	483	T
349	2354	483	T
349	2356	483	T
349	2358	483	T
349	2360	483	T
349	2362	483	T
349	2364	483	T
349	2366	483	T
349	2368	483	T
349	2370	483	T
349	2372	483	T
349	2374	483	T
349	2376	483	T
349	2378	483	T
349	2380	483	T
349	2382	483	T
349	2384	483	T
349	2386	483	T
349	2388	483	T
349	2390	483	T
349	2392	483	T
349	2394	483	T
349	2396	483	T
349	2398	483	T
349	2400	483	T
349	2402	483	T
349	2404	483	T
349	2406	483	T
349	2408	483	T
349	2410	483	T
349	2412	483	T
349	2414	483	T
349	2416	483	T
349	2418	483	T
349	2420	483	T
349	2422	483	T
349	2424	483	T
349	2426	483	T
349	2428	483	T
349	2430	483	T
349	2432	483	T
349	2434	483	T
349	2436	483	T
349	2438	483	T
349	2808	484	T
349	2808	4059	T
349	2808	4061	T
349	2808	4065	T
349	2808	4069	T
349	2808	4074	T
349	2808	4078	T
349	2808	4082	T
349	2808	4087	T
349	2808	4091	T
349	2808	4095	T
349	2808	4099	T
349	2808	4102	T
349	2808	4103	T
349	2808	4104	T
349	2808	4105	T
349	2808	4106	T
349	2808	4107	T
349	2808	4108	T
349	2808	4109	T
349	2808	4110	T
349	2808	4111	T
349	2808	4112	T
349	2808	4113	T
349	2808	4114	T
349	2808	4115	T
349	2808	4116	T
349	2808	4117	T
349	2808	4118	T
349	2808	4119	T
349	2808	4120	T
349	2808	4121	T
349	2808	4122	T
349	2808	4123	T
349	2808	4141	T
349	2808	4142	T
349	2808	4149	T
349	2808	4154	T
349	2808	4161	T
349	2808	4163	T
349	2808	4164	T
349	2808	4165	T
349	2808	4166	T
349	2808	4167	T
349	2808	4168	T
349	2808	4169	T
349	2808	4170	T
349	2808	4171	T
349	2808	4172	T
349	2808	4173	T
349	2808	4174	T
349	2808	4175	T
349	2808	4176	T
349	2808	4177	T
349	2808	4178	T
349	2808	4179	T
349	2808	4180	T
349	2808	4181	T
349	2808	4182	T
349	2808	4183	T
349	2808	4184	T
349	2808	4185	T
349	2808	4186	T
349	2808	4187	T
349	2808	4188	T
349	2808	4189	T
349	2808	4190	T
349	2808	4191	T
349	2808	4192	T
349	2808	4193	T
349	2808	4194	T
349	2808	4195	T
349	2808	4196	T
349	2808	4197	T
349	2808	4198	T
349	2808	4199	T
349	2808	4200	T
349	2808	4201	T
349	2808	4202	T
349	2808	4203	T
349	2808	4204	T
349	2808	4205	T
349	2808	4206	T
349	2808	4207	T
349	2808	4208	T
349	2808	4209	T
349	2808	4210	T
349	2808	4211	T
349	2808	4212	T
349	2808	4213	T
349	2808	4214	T
349	2808	4215	T
349	2808	4216	T
349	2808	4217	T
349	2808	4218	T
349	2808	4219	T
349	2808	4220	T
349	2808	4221	T
349	2808	4222	T
349	2808	4223	T
349	2808	4224	T
349	2808	4225	T
349	2808	4226	T
349	2808	4227	T
349	2808	4228	T
349	2808	4229	T
349	2808	4230	T
349	2808	4231	T
349	2808	4232	T
349	2808	4233	T
349	2808	4234	T
349	2808	4235	T
349	2808	4236	T
349	2808	4237	T
349	2808	4238	T
349	2808	4239	T
349	2808	4240	T
349	2808	4241	T
349	2808	4242	T
349	2808	4243	T
349	2808	4244	T
349	2808	4245	T
349	2808	4246	T
349	2808	4247	T
349	2808	4248	T
349	2808	4249	T
349	2808	4250	T
349	2808	4251	T
349	2808	4252	T
349	2808	4253	T
349	2808	4254	T
349	2808	4255	T
349	2808	4256	T
349	2808	4257	T
349	2808	4258	T
349	2808	4259	T
349	2808	4260	T
349	2808	4261	T
349	2808	4262	T
349	2808	4263	T
349	2808	4264	T
349	2808	4265	T
349	2808	4266	T
349	2808	4267	T
349	2808	4268	T
349	2808	4269	T
349	2808	4270	T
349	2808	4271	T
349	2808	4272	T
349	2808	4273	T
349	2808	4274	T
349	2808	4275	T
349	2808	4276	T
349	2808	4277	T
349	2808	4278	T
349	2808	4279	T
349	2808	4280	T
349	2808	4281	T
349	2808	4282	T
349	2808	4283	T
349	2808	4284	T
349	2808	4285	T
349	2808	4286	T
349	2808	4287	T
349	2808	4288	T
349	2808	4289	T
349	2808	4290	T
349	2808	4291	T
349	2808	4292	T
349	2808	4293	T
349	2808	4294	T
349	2808	4295	T
349	2808	4296	T
349	2808	4297	T
349	2808	4298	T
349	2808	4299	T
349	2808	4300	T
349	2808	4301	T
349	2808	4302	T
349	2808	4303	T
349	2808	4304	T
349	2808	4305	T
349	2808	4306	T
349	2808	4307	T
349	2808	4308	T
349	2808	4309	T
349	2808	4310	T
349	2808	4311	T
349	2808	4312	T
349	2808	4313	T
349	2808	4314	T
349	2808	4315	T
349	2808	4316	T
349	2808	4317	T
349	2808	4318	T
349	2808	4319	T
349	2808	4320	T
349	2808	4321	T
349	2808	4322	T
349	2808	4323	T
349	2808	4324	T
349	2808	4325	T
349	2808	4326	T
349	2808	4327	T
349	2808	4328	T
349	2808	4329	T
349	2808	4330	T
349	2808	4331	T
349	2808	4332	T
349	2808	4333	T
349	2808	4334	T
349	2808	4335	T
349	2808	4336	T
349	2808	4337	T
349	2808	4338	T
349	2808	4339	T
349	2808	4340	T
349	2808	4341	T
349	2808	4342	T
349	2808	4343	T
349	2808	4344	T
349	2808	4345	T
349	2808	4346	T
349	2808	4347	T
349	2808	4348	T
349	2808	4349	T
349	2808	4350	T
349	2808	4351	T
349	2808	4352	T
349	2808	4353	T
349	2808	4354	T
349	2808	4355	T
349	2808	4356	T
349	2808	4357	T
349	2808	4358	T
349	2808	4359	T
349	2808	4360	T
349	2808	4361	T
349	2808	4362	T
349	2808	4363	T
349	2808	4364	T
349	2808	4365	T
349	2808	4366	T
349	2808	4367	T
349	2808	4368	T
349	2808	4369	T
349	2808	4370	T
349	2808	4371	T
349	2808	4372	T
349	2808	4373	T
349	2808	4374	T
349	2808	4375	T
349	2808	4376	T
349	2808	4377	T
349	2808	4378	T
349	2808	4379	T
349	2808	4380	T
349	2808	4381	T
349	2808	4382	T
349	2808	4383	T
349	2808	4384	T
349	2808	4385	T
349	2808	4386	T
349	2808	4387	T
349	2808	4388	T
349	2808	4389	T
349	2808	4390	T
349	2808	4391	T
349	2808	4392	T
349	2808	4393	T
349	2808	4394	T
349	2808	4395	T
349	2808	4396	T
349	2808	4397	T
349	2808	4398	T
349	2808	4399	T
349	2808	4400	T
349	2808	4401	T
349	2808	4402	T
349	2808	4403	T
349	2808	4404	T
349	2808	4405	T
349	2808	4406	T
349	2808	4407	T
349	2808	4408	T
349	2808	4409	T
349	2808	4410	T
349	2808	4411	T
349	2808	4412	T
349	2808	4413	T
349	2808	4414	T
349	2808	4415	T
349	2808	4416	T
349	2808	4417	T
349	2808	4418	T
349	2808	4419	T
349	2808	4420	T
349	2808	4421	T
349	2808	4422	T
349	2808	4423	T
349	2808	4424	T
349	2808	4425	T
349	2808	4426	T
349	2808	4427	T
349	2808	4428	T
349	2808	4429	T
349	2808	4430	T
349	2808	4431	T
349	2808	4432	T
349	2808	4433	T
349	2808	4434	T
349	2808	4435	T
349	2808	4436	T
349	2808	4437	T
349	2808	4438	T
349	2808	4439	T
349	2808	4440	T
349	2808	4441	T
349	2808	4442	T
349	2808	4443	T
349	2808	4444	T
349	2808	4445	T
349	2808	4446	T
349	2808	4447	T
349	2808	4448	T
349	2808	4449	T
349	2808	4450	T
349	2808	4451	T
349	2808	4452	T
349	2808	4453	T
349	2808	4454	T
349	2808	4455	T
349	2808	4456	T
349	2808	4457	T
349	2808	4458	T
349	2808	4459	T
349	2808	4460	T
349	2808	4461	T
349	2808	4462	T
349	2808	4463	T
349	2808	4464	T
349	2808	4465	T
349	2808	4466	T
349	2808	4467	T
349	2808	4468	T
349	2808	4469	T
349	2808	4470	T
349	2808	4471	T
349	2808	4472	T
349	2808	4473	T
349	2808	4474	T
349	2808	4475	T
349	2808	4476	T
349	2808	4477	T
349	2808	4478	T
349	2808	4479	T
349	2808	4480	T
349	2808	4481	T
349	2808	4482	T
349	2808	4483	T
349	2808	4484	T
349	2808	4485	T
349	2808	4486	T
349	2808	4487	T
349	2808	4488	T
349	2808	4489	T
349	2808	4490	T
349	2808	4491	T
349	2808	4492	T
349	2808	4493	T
349	2808	4494	T
349	2808	4495	T
349	2808	4496	T
349	2808	4497	T
349	2808	4498	T
349	2808	4499	T
349	2808	4500	T
349	2808	4501	T
349	2808	4502	T
349	2808	4503	T
349	2808	4504	T
349	2808	4505	T
349	2808	4506	T
349	2808	4507	T
349	2808	4508	T
349	2808	4509	T
349	2808	4510	T
349	2808	4511	T
349	2808	4512	T
349	2808	4513	T
349	2808	4514	T
349	2808	4515	T
349	2808	4516	T
349	2808	4517	T
349	2808	4518	T
349	2808	4519	T
349	2808	4520	T
349	2808	4521	T
349	2808	4522	T
349	2808	4523	T
349	2808	4524	T
349	2808	4525	T
349	2808	4526	T
349	2808	4527	T
349	2808	4528	T
349	2808	4529	T
349	2808	4530	T
349	2808	4531	T
349	2808	4532	T
349	2808	4533	T
349	2808	4534	T
349	2808	4535	T
349	2808	4536	T
349	2808	4537	T
349	2808	4538	T
349	2808	4539	T
349	2808	4540	T
349	2808	4541	T
349	2808	4542	T
349	2808	4543	T
349	2808	4544	T
349	2808	4545	T
349	2808	4546	T
349	2808	4547	T
349	2808	4548	T
349	2808	4549	T
349	2808	4550	T
349	2808	4551	T
349	2808	4552	T
349	2808	4553	T
349	2808	4554	T
349	2808	4555	T
349	2808	4556	T
349	2808	4557	T
349	2808	4558	T
349	2808	4559	T
349	2808	4560	T
349	2808	4561	T
349	2808	4562	T
349	2808	4563	T
349	2808	4564	T
349	2808	4565	T
349	2808	4566	T
349	2909	10	T
349	2909	114	T
349	2909	119	T
349	2909	291	T
349	2911	484	T
349	2913	114	T
349	2913	734	T
349	2913	735	T
349	2926	483	T
349	2929	10	T
349	2929	114	T
349	2929	119	T
349	2929	120	T
349	2929	121	T
349	2929	288	T
349	2929	455	T
349	2929	456	T
349	2929	775	T
349	2929	776	T
349	2929	777	T
349	2929	778	T
349	2929	779	T
349	2929	780	T
349	2929	781	T
349	2929	782	T
349	2929	783	T
349	2929	784	T
349	2929	785	T
349	2929	786	T
349	2929	787	T
349	2929	788	T
349	2929	789	T
349	2929	790	T
349	2929	791	T
349	2929	792	T
349	2929	793	T
349	2929	794	T
349	2929	795	T
349	2929	796	T
349	2929	797	T
349	2929	798	T
349	2929	799	T
349	2929	800	T
349	2929	1113	T
349	2929	4588	T
349	2929	4589	T
349	2929	4590	T
349	2929	4591	T
349	2929	4592	T
349	2929	4593	T
349	2929	4594	T
349	2929	4595	T
349	2929	4596	T
349	2929	4597	T
349	2929	4598	T
349	2929	4599	T
349	2929	4600	T
349	2929	4601	T
349	2929	4602	T
349	2929	4603	T
349	2929	4604	T
349	2929	4605	T
349	2929	4606	T
349	2929	4607	T
349	2929	4651	T
349	2929	4652	T
349	2929	4653	T
349	2929	4654	T
349	2929	4655	T
349	2929	4656	T
349	2929	4657	T
349	2929	4658	T
349	2929	4659	T
349	2929	4660	T
349	2929	4661	T
349	2929	4662	T
349	2929	4663	T
349	2929	4664	T
349	2933	483	T
349	2933	801	T
349	2933	802	T
349	2933	803	T
349	2933	804	T
349	2933	805	T
349	2933	806	T
349	2933	1266	T
349	2933	4693	T
349	2933	4715	T
349	2933	4720	T
349	2933	4721	T
349	2933	4722	T
349	2933	4723	T
349	2933	4724	T
349	2933	4725	T
349	2933	4726	T
349	2933	4727	T
349	2933	4728	T
349	2933	4729	T
349	2933	4730	T
349	2933	4731	T
349	3080	772	T
349	3092	121	T
349	3092	738	T
349	3092	739	T
349	3124	1189	T
349	3124	4732	T
349	3124	4733	T
349	3124	4734	T
349	3124	4735	T
349	3124	4736	T
349	3124	4737	T
349	3124	4738	T
349	3172	115	T
349	3172	116	T
349	3172	457	T
349	3172	4198	T
349	3172	4755	T
349	3172	4777	T
349	3172	4778	T
349	3172	4779	T
349	3172	4780	T
349	3172	4781	T
349	3174	10	T
349	3174	14	T
349	3174	114	T
349	3174	167	T
349	3174	287	T
349	3174	288	T
349	3174	291	T
349	3174	293	T
349	3174	386	T
349	3174	387	T
349	3174	457	T
349	3174	458	T
349	3174	738	T
349	3174	739	T
349	3174	4782	T
349	3174	4787	T
349	3174	4792	T
349	3174	4793	T
349	3174	4823	T
349	3174	4824	T
349	3260	211	T
349	3260	1266	T
349	3260	1268	T
349	3260	1269	T
349	3260	1270	T
349	3260	1285	T
349	3260	1286	T
349	3260	1287	T
349	3260	1303	T
349	3260	1394	T
349	3260	1399	T
349	3260	1400	T
349	3260	1401	T
349	3260	1402	T
349	3260	1403	T
349	3260	1417	T
349	3260	1418	T
349	3260	1419	T
349	3290	1189	T
349	3290	4868	T
349	3290	4869	T
349	3406	287	T
349	3406	288	T
