349	2	1	161
349	2	1	162
349	2	8	163
349	2	8	164
349	2	8	165
349	2	11	166
349	2	11	167
349	2	15	178
349	2	15	179
349	2	16	178
349	2	16	181
349	2	16	182
349	2	19	193
349	2	20	194
349	2	20	195
349	2	20	196
349	2	24	208
349	2	24	209
349	2	25	210
349	2	25	211
349	2	26	169
349	2	26	212
349	2	26	213
349	2	28	191
349	2	29	179
349	2	29	266
349	2	30	191
349	2	31	179
349	2	31	276
349	2	32	191
349	2	33	179
349	2	33	284
349	2	34	191
349	2	35	179
349	2	35	294
349	2	36	298
349	2	37	179
349	2	37	303
349	2	38	307
349	2	39	179
349	2	39	312
349	2	40	316
349	2	40	317
349	2	43	179
349	2	43	266
349	2	44	179
349	2	44	276
349	2	45	179
349	2	45	284
349	2	46	179
349	2	46	294
349	2	47	179
349	2	47	303
349	2	48	179
349	2	48	312
349	2	49	208
349	2	49	349
349	2	49	366
349	2	50	208
349	2	50	367
349	2	50	368
349	2	51	169
349	2	51	369
349	2	51	370
349	2	52	229
349	2	53	371
349	2	53	372
349	2	54	374
349	2	55	374
349	2	56	375
349	2	57	169
349	2	57	376
349	2	58	381
349	2	58	382
349	2	59	383
349	2	59	384
349	2	60	169
349	2	60	199
349	2	60	385
349	2	60	386
349	2	61	169
349	2	61	388
349	2	61	389
349	2	62	169
349	2	62	376
349	2	62	390
349	2	62	391
349	2	63	178
349	2	63	392
349	2	64	178
349	2	64	376
349	2	65	178
349	2	65	392
349	2	66	396
349	2	67	397
349	4	418	433
349	4	420	450
349	4	420	451
349	4	421	433
349	4	421	452
349	4	422	433
349	4	422	459
349	4	423	433
349	4	423	462
349	4	424	486
349	4	425	433
349	4	425	489
349	4	426	191
349	4	426	467
349	4	426	491
349	4	427	494
349	4	427	495
349	4	428	503
349	4	428	504
349	4	429	503
349	4	429	504
349	4	430	503
349	4	430	504
349	4	431	503
349	4	431	504
349	4	432	503
349	4	432	504
349	4	433	191
349	4	434	505
349	4	434	506
349	4	435	513
349	4	436	433
349	4	436	517
349	4	437	191
349	4	437	518
349	4	438	229
349	4	439	191
349	4	439	518
349	4	441	229
349	4	442	433
349	4	442	517
349	4	444	341
349	4	444	433
349	4	444	532
349	4	445	191
349	4	445	533
349	4	446	191
349	4	446	518
349	4	447	433
349	4	447	517
349	4	449	433
349	4	449	556
349	4	450	559
349	4	450	560
349	4	451	559
349	4	451	561
349	4	451	562
349	4	452	559
349	4	452	562
349	4	452	563
349	29	11	166
349	29	11	167
349	29	420	450
349	29	420	451
349	29	421	433
349	29	421	452
349	29	422	433
349	29	422	459
349	29	423	433
349	29	423	462
349	29	424	486
349	29	426	191
349	29	426	467
349	29	426	491
349	29	434	505
349	29	434	506
349	29	435	513
349	29	436	433
349	29	436	517
349	29	437	191
349	29	437	518
349	29	438	229
349	29	439	191
349	29	439	518
349	29	441	229
349	29	442	433
349	29	442	517
349	29	445	191
349	29	445	533
349	29	446	191
349	29	446	518
349	29	447	433
349	29	447	517
349	29	449	433
349	29	449	556
349	29	468	175
349	29	469	170
349	29	469	175
349	29	470	170
349	29	470	175
349	61	11	166
349	61	11	167
349	61	19	193
349	61	420	450
349	61	420	451
349	61	421	433
349	61	421	452
349	61	422	433
349	61	422	459
349	61	423	433
349	61	423	462
349	61	424	486
349	61	426	191
349	61	426	467
349	61	426	491
349	61	427	494
349	61	427	495
349	61	434	505
349	61	434	506
349	61	435	513
349	61	436	433
349	61	436	517
349	61	437	191
349	61	437	518
349	61	438	229
349	61	439	191
349	61	439	518
349	61	441	229
349	61	442	433
349	61	442	517
349	61	444	341
349	61	444	433
349	61	444	532
349	61	445	191
349	61	445	533
349	61	446	191
349	61	446	518
349	61	447	433
349	61	447	517
349	61	449	433
349	61	449	556
349	61	450	559
349	61	450	560
349	61	451	559
349	61	451	561
349	61	451	562
349	61	452	559
349	61	452	562
349	61	452	563
349	61	468	175
349	61	469	170
349	61	469	175
349	61	470	170
349	61	470	175
349	70	11	166
349	70	11	167
349	70	420	450
349	70	420	451
349	70	421	433
349	70	421	452
349	70	422	433
349	70	422	459
349	70	423	433
349	70	423	462
349	70	424	486
349	70	426	191
349	70	426	467
349	70	426	491
349	70	428	503
349	70	428	504
349	70	429	503
349	70	429	504
349	70	430	503
349	70	430	504
349	70	431	503
349	70	431	504
349	70	432	503
349	70	432	504
349	70	434	505
349	70	434	506
349	70	435	513
349	70	436	433
349	70	436	517
349	70	437	191
349	70	437	518
349	70	438	229
349	70	439	191
349	70	439	518
349	70	441	229
349	70	442	433
349	70	442	517
349	70	444	341
349	70	444	433
349	70	444	532
349	70	445	191
349	70	445	533
349	70	446	191
349	70	446	518
349	70	447	433
349	70	447	517
349	70	449	433
349	70	449	556
349	70	450	559
349	70	450	560
349	70	451	559
349	70	451	561
349	70	451	562
349	70	452	559
349	70	452	562
349	70	452	563
349	70	468	175
349	70	469	170
349	70	469	175
349	70	470	170
349	70	470	175
349	99	11	166
349	99	11	167
349	99	19	193
349	99	53	371
349	99	53	372
349	99	54	374
349	99	55	374
349	99	420	450
349	99	420	451
349	99	421	433
349	99	421	452
349	99	422	433
349	99	422	459
349	99	423	433
349	99	423	462
349	99	424	486
349	99	425	433
349	99	425	489
349	99	426	191
349	99	426	467
349	99	426	491
349	99	427	494
349	99	427	495
349	99	434	505
349	99	434	506
349	99	435	513
349	99	436	433
349	99	436	517
349	99	437	191
349	99	437	518
349	99	438	229
349	99	439	191
349	99	439	518
349	99	441	229
349	99	442	433
349	99	442	517
349	99	444	341
349	99	444	433
349	99	444	532
349	99	445	191
349	99	445	533
349	99	446	191
349	99	446	518
349	99	447	433
349	99	447	517
349	99	449	433
349	99	449	556
349	99	450	559
349	99	450	560
349	99	451	559
349	99	451	561
349	99	451	562
349	99	452	559
349	99	452	562
349	99	452	563
349	99	468	175
349	99	469	170
349	99	469	175
349	99	470	170
349	99	470	175
349	141	485	175
349	141	485	828
349	141	486	175
349	141	486	828
349	141	486	829
349	141	487	842
349	141	487	843
349	141	487	844
349	141	488	175
349	141	488	828
349	141	488	829
349	141	489	844
349	141	489	854
349	141	489	855
349	141	490	175
349	141	490	828
349	141	491	828
349	141	491	860
349	141	492	175
349	141	492	863
349	141	493	175
349	141	493	863
349	141	493	864
349	141	494	844
349	141	494	869
349	141	494	870
349	141	495	175
349	141	495	863
349	141	495	864
349	141	496	844
349	141	496	878
349	141	496	879
349	141	497	175
349	141	497	863
349	141	498	863
349	141	498	884
349	141	499	175
349	141	499	886
349	141	500	175
349	141	500	886
349	141	500	887
349	141	501	844
349	141	501	888
349	141	501	889
349	141	502	175
349	141	502	886
349	141	502	887
349	141	503	844
349	141	503	896
349	141	503	897
349	141	504	175
349	141	504	886
349	141	505	886
349	141	505	902
349	141	506	175
349	141	506	904
349	141	507	175
349	141	507	904
349	141	507	905
349	141	508	844
349	141	508	906
349	141	508	907
349	141	509	175
349	141	509	904
349	141	509	905
349	141	510	844
349	141	510	914
349	141	510	915
349	141	511	175
349	141	511	904
349	141	512	904
349	141	512	920
349	141	513	175
349	141	513	922
349	141	514	175
349	141	514	922
349	141	514	923
349	141	515	844
349	141	515	924
349	141	515	925
349	141	516	175
349	141	516	922
349	141	516	923
349	141	517	844
349	141	517	936
349	141	517	937
349	141	518	175
349	141	518	922
349	141	519	922
349	141	519	942
349	141	520	175
349	141	520	944
349	141	521	175
349	141	521	944
349	141	521	945
349	141	522	844
349	141	522	946
349	141	522	947
349	141	523	175
349	141	523	944
349	141	523	945
349	141	524	844
349	141	524	958
349	141	524	959
349	141	525	175
349	141	525	944
349	141	526	944
349	141	526	964
349	141	527	175
349	141	527	966
349	141	528	175
349	141	528	966
349	141	528	967
349	141	529	844
349	141	529	968
349	141	529	969
349	141	530	175
349	141	530	966
349	141	530	967
349	141	531	844
349	141	531	978
349	141	531	979
349	141	532	175
349	141	532	966
349	141	533	966
349	141	533	984
349	141	534	175
349	141	534	986
349	141	535	175
349	141	535	986
349	141	535	987
349	141	536	844
349	141	536	988
349	141	536	989
349	141	537	175
349	141	537	986
349	141	537	987
349	141	538	844
349	141	538	995
349	141	538	996
349	141	539	175
349	141	539	986
349	141	540	986
349	141	540	1001
349	141	541	175
349	141	541	1003
349	141	542	175
349	141	542	1003
349	141	542	1004
349	141	543	844
349	141	543	1005
349	141	543	1006
349	141	544	175
349	141	544	1003
349	141	544	1004
349	141	545	844
349	141	545	1012
349	141	545	1013
349	141	546	175
349	141	546	1003
349	141	547	1003
349	141	547	1018
349	141	548	175
349	141	548	1019
349	141	549	175
349	141	549	1019
349	141	549	1020
349	141	550	844
349	141	550	1021
349	141	550	1022
349	141	551	175
349	141	551	1019
349	141	551	1020
349	141	552	844
349	141	552	1031
349	141	552	1032
349	141	553	175
349	141	553	1019
349	141	554	1019
349	141	554	1037
349	141	555	175
349	141	555	1039
349	141	556	175
349	141	556	1039
349	141	556	1040
349	141	557	844
349	141	557	1044
349	141	557	1045
349	141	558	175
349	141	558	1039
349	141	558	1040
349	141	559	844
349	141	559	1052
349	141	559	1053
349	141	560	1039
349	141	561	1039
349	141	561	1059
349	141	561	1060
349	141	562	175
349	141	562	1062
349	141	563	175
349	141	563	1063
349	141	563	1064
349	141	564	844
349	141	564	1068
349	141	564	1069
349	141	565	175
349	141	565	1063
349	141	565	1064
349	141	566	844
349	141	566	1075
349	141	566	1076
349	141	567	1063
349	141	568	1063
349	141	568	1081
349	141	569	175
349	141	569	1083
349	141	570	175
349	141	570	1083
349	141	570	1084
349	141	571	844
349	141	571	1085
349	141	571	1086
349	141	572	175
349	141	572	1083
349	141	572	1084
349	141	573	844
349	141	573	1095
349	141	573	1096
349	141	574	1083
349	141	575	1083
349	141	575	1101
349	141	576	175
349	141	576	1103
349	141	577	175
349	141	577	1103
349	141	577	1104
349	141	578	844
349	141	578	1105
349	141	578	1106
349	141	579	175
349	141	579	1103
349	141	579	1104
349	141	580	844
349	141	580	1114
349	141	580	1115
349	141	581	1103
349	141	582	1103
349	141	582	1120
349	141	583	175
349	141	583	1122
349	141	584	175
349	141	584	1104
349	141	584	1122
349	141	585	844
349	141	585	1123
349	141	585	1124
349	141	586	175
349	141	586	1122
349	141	587	844
349	141	587	1131
349	141	587	1132
349	141	588	1122
349	141	589	1122
349	141	589	1137
349	141	590	175
349	141	590	1139
349	141	591	175
349	141	591	1139
349	141	591	1140
349	141	592	844
349	141	592	1141
349	141	592	1142
349	141	593	175
349	141	593	1139
349	141	593	1140
349	141	594	844
349	141	594	1148
349	141	594	1149
349	141	595	1139
349	141	596	1139
349	141	596	1154
349	141	597	175
349	141	597	1156
349	141	598	175
349	141	598	1156
349	141	598	1157
349	141	599	844
349	141	599	1158
349	141	599	1159
349	141	600	175
349	141	600	1156
349	141	600	1157
349	141	601	844
349	141	601	1165
349	141	601	1166
349	141	602	1156
349	141	603	1156
349	141	603	1171
349	141	604	175
349	141	604	1173
349	141	605	175
349	141	605	1173
349	141	605	1174
349	141	606	844
349	141	606	1175
349	141	606	1176
349	141	607	175
349	141	607	1173
349	141	607	1174
349	141	608	844
349	141	608	1183
349	141	608	1184
349	141	609	1173
349	141	610	1173
349	141	610	1189
349	141	611	175
349	141	611	1191
349	141	612	175
349	141	612	1191
349	141	612	1192
349	141	613	844
349	141	613	1193
349	141	613	1194
349	141	614	175
349	141	614	1191
349	141	614	1192
349	141	615	844
349	141	615	1200
349	141	615	1201
349	141	616	1191
349	141	617	1191
349	141	617	1206
349	141	618	175
349	141	618	1208
349	141	619	175
349	141	619	1208
349	141	619	1209
349	141	620	844
349	141	620	1210
349	141	620	1211
349	141	621	175
349	141	621	1208
349	141	621	1209
349	141	622	844
349	141	622	1217
349	141	622	1218
349	141	623	1208
349	141	624	1208
349	141	624	1223
349	141	625	175
349	141	625	1225
349	141	626	175
349	141	626	1225
349	141	626	1226
349	141	627	844
349	141	627	1227
349	141	627	1228
349	141	628	175
349	141	628	1225
349	141	628	1226
349	141	629	844
349	141	629	1234
349	141	629	1235
349	141	630	1225
349	141	631	1225
349	141	631	1240
349	141	632	175
349	141	632	1242
349	141	633	175
349	141	633	1242
349	141	633	1243
349	141	634	844
349	141	634	1244
349	141	634	1245
349	141	635	175
349	141	635	1242
349	141	635	1243
349	141	636	844
349	141	636	1249
349	141	636	1250
349	141	637	1242
349	141	638	1242
349	141	638	1255
349	141	639	175
349	141	639	1257
349	141	640	175
349	141	640	1257
349	141	640	1258
349	141	641	844
349	141	641	1259
349	141	641	1260
349	141	642	175
349	141	642	1257
349	141	642	1258
349	141	643	844
349	141	643	1266
349	141	643	1267
349	141	644	1257
349	141	645	1257
349	141	645	1272
349	141	646	175
349	141	646	1274
349	141	647	175
349	141	647	1274
349	141	647	1275
349	141	648	844
349	141	648	1279
349	141	648	1280
349	141	649	175
349	141	649	1274
349	141	649	1275
349	141	650	844
349	141	650	1287
349	141	650	1288
349	141	651	175
349	141	651	1274
349	141	652	1274
349	141	652	1293
349	141	653	175
349	141	653	1295
349	141	654	175
349	141	654	1295
349	141	654	1296
349	141	655	175
349	141	655	1295
349	141	655	1296
349	141	656	175
349	141	656	1295
349	141	657	1295
349	141	657	1297
349	141	658	175
349	141	658	1299
349	141	659	175
349	141	659	1299
349	141	659	1300
349	141	660	844
349	141	660	1301
349	141	660	1302
349	141	661	175
349	141	661	1299
349	141	661	1300
349	141	662	844
349	141	662	1308
349	141	662	1309
349	141	663	175
349	141	663	1299
349	141	664	1299
349	141	664	1314
349	141	665	175
349	141	665	1316
349	141	666	175
349	141	666	1316
349	141	666	1317
349	141	667	844
349	141	667	1318
349	141	667	1319
349	141	668	175
349	141	668	1316
349	141	668	1317
349	141	669	844
349	141	669	1325
349	141	669	1326
349	141	670	175
349	141	670	1316
349	141	671	1316
349	141	671	1331
349	141	672	175
349	141	672	388
349	141	673	175
349	141	673	388
349	141	673	1333
349	141	674	844
349	141	674	1334
349	141	674	1335
349	141	675	175
349	141	675	388
349	141	675	1333
349	141	676	844
349	141	676	1348
349	141	676	1349
349	141	677	175
349	141	677	388
349	141	678	388
349	141	678	1354
349	141	679	175
349	141	679	1356
349	141	680	175
349	141	680	1356
349	141	680	1357
349	141	681	844
349	141	681	1363
349	141	681	1364
349	141	682	175
349	141	682	341
349	141	682	570
349	141	682	1356
349	141	682	1368
349	141	682	1369
349	141	683	1356
349	141	683	1370
349	141	684	175
349	141	684	1372
349	141	685	175
349	141	685	1372
349	141	685	1373
349	141	686	844
349	141	686	1377
349	141	686	1378
349	141	687	175
349	141	687	188
349	141	687	330
349	141	687	341
349	141	687	570
349	141	687	1372
349	141	688	1372
349	141	688	1382
349	141	689	175
349	141	689	1384
349	141	690	175
349	141	690	1384
349	141	690	1385
349	141	691	844
349	141	691	1386
349	141	691	1387
349	141	692	175
349	141	692	1384
349	141	692	1391
349	141	693	175
349	141	693	1393
349	141	694	175
349	141	694	1393
349	141	695	844
349	141	695	1394
349	141	695	1395
349	141	696	175
349	141	696	1393
349	141	696	1399
349	141	697	175
349	141	697	1401
349	141	698	175
349	141	698	1401
349	141	699	844
349	141	699	1402
349	141	699	1403
349	141	700	175
349	141	700	1407
349	141	700	1408
349	141	701	844
349	141	701	1411
349	141	701	1412
349	141	702	1417
349	141	703	175
349	141	703	1401
349	141	703	1418
349	141	704	175
349	141	704	1401
349	141	704	1419
349	141	705	175
349	141	705	1421
349	141	706	175
349	141	706	1421
349	141	706	1422
349	141	707	175
349	141	707	1421
349	141	707	1422
349	141	708	1421
349	141	709	175
349	141	709	1421
349	141	709	1425
349	141	710	175
349	141	710	1427
349	141	711	175
349	141	711	1427
349	141	711	1428
349	141	712	175
349	141	712	1427
349	141	712	1428
349	141	713	175
349	141	713	1427
349	141	714	1427
349	141	714	1432
349	141	715	175
349	141	715	1434
349	141	716	175
349	141	716	1434
349	141	716	1435
349	141	717	844
349	141	717	1436
349	141	717	1437
349	141	718	175
349	141	718	1434
349	141	718	1435
349	141	719	844
349	141	719	1443
349	141	719	1444
349	141	720	175
349	141	720	1434
349	141	721	1434
349	141	721	1449
349	141	722	175
349	141	722	1451
349	141	723	175
349	141	723	1451
349	141	723	1452
349	141	724	844
349	141	724	1453
349	141	724	1454
349	141	725	175
349	141	725	1451
349	141	725	1452
349	141	726	844
349	141	726	1461
349	141	726	1462
349	141	727	175
349	141	727	1451
349	141	728	1451
349	141	728	1467
349	141	729	175
349	141	729	1469
349	141	730	175
349	141	730	1469
349	141	730	1470
349	141	731	844
349	141	731	1471
349	141	731	1472
349	141	732	175
349	141	732	1469
349	141	732	1476
349	141	740	1479
349	141	741	1480
349	141	741	1481
349	141	742	1480
349	141	742	1481
349	141	743	1485
349	141	744	1485
349	141	745	170
349	141	746	170
349	141	746	1488
349	141	746	1489
349	141	747	1480
349	141	747	1481
349	141	748	1480
349	141	748	1481
349	141	749	1480
349	141	749	1481
349	141	750	1490
349	141	751	844
349	141	751	1491
349	141	751	1492
349	141	752	844
349	141	752	1493
349	141	752	1494
349	141	753	844
349	141	753	1495
349	141	753	1496
349	141	754	844
349	141	754	1497
349	141	754	1498
349	141	755	844
349	141	755	1499
349	141	755	1500
349	141	756	844
349	141	756	1501
349	141	756	1502
349	141	757	844
349	141	757	1503
349	141	757	1504
349	141	758	844
349	141	758	1505
349	141	758	1506
349	141	759	1507
349	141	760	844
349	141	760	1491
349	141	760	1508
349	141	761	844
349	141	761	1493
349	141	761	1509
349	141	762	844
349	141	762	1495
349	141	762	1510
349	141	763	844
349	141	763	1497
349	141	763	1511
349	141	764	844
349	141	764	1499
349	141	764	1512
349	141	765	844
349	141	765	1501
349	141	765	1513
349	141	766	175
349	141	767	844
349	141	768	844
349	141	769	177
349	141	769	1517
349	141	770	1518
349	141	771	175
349	145	11	166
349	145	11	167
349	145	20	194
349	145	20	195
349	145	20	196
349	145	25	210
349	145	25	211
349	145	51	169
349	145	51	369
349	145	51	370
349	145	444	341
349	145	444	433
349	145	444	532
349	145	445	191
349	145	445	533
349	145	485	175
349	145	485	828
349	145	486	175
349	145	486	828
349	145	486	829
349	145	488	175
349	145	488	828
349	145	488	829
349	145	492	175
349	145	492	863
349	145	493	175
349	145	493	863
349	145	493	864
349	145	495	175
349	145	495	863
349	145	495	864
349	145	499	175
349	145	499	886
349	145	500	175
349	145	500	886
349	145	500	887
349	145	502	175
349	145	502	886
349	145	502	887
349	145	506	175
349	145	506	904
349	145	507	175
349	145	507	904
349	145	507	905
349	145	509	175
349	145	509	904
349	145	509	905
349	145	513	175
349	145	513	922
349	145	514	175
349	145	514	922
349	145	514	923
349	145	516	175
349	145	516	922
349	145	516	923
349	145	520	175
349	145	520	944
349	145	521	175
349	145	521	944
349	145	521	945
349	145	523	175
349	145	523	944
349	145	523	945
349	145	527	175
349	145	527	966
349	145	528	175
349	145	528	966
349	145	528	967
349	145	530	175
349	145	530	966
349	145	530	967
349	145	548	175
349	145	548	1019
349	145	549	175
349	145	549	1019
349	145	549	1020
349	145	551	175
349	145	551	1019
349	145	551	1020
349	145	555	175
349	145	555	1039
349	145	556	175
349	145	556	1039
349	145	556	1040
349	145	558	175
349	145	558	1039
349	145	558	1040
349	145	562	175
349	145	562	1062
349	145	563	175
349	145	563	1063
349	145	563	1064
349	145	565	175
349	145	565	1063
349	145	565	1064
349	145	569	175
349	145	569	1083
349	145	570	175
349	145	570	1083
349	145	570	1084
349	145	572	175
349	145	572	1083
349	145	572	1084
349	145	576	175
349	145	576	1103
349	145	577	175
349	145	577	1103
349	145	577	1104
349	145	579	175
349	145	579	1103
349	145	579	1104
349	145	584	175
349	145	584	1104
349	145	584	1122
349	145	586	175
349	145	586	1122
349	145	591	175
349	145	591	1139
349	145	591	1140
349	145	593	175
349	145	593	1139
349	145	593	1140
349	145	598	175
349	145	598	1156
349	145	598	1157
349	145	600	175
349	145	600	1156
349	145	600	1157
349	145	605	175
349	145	605	1173
349	145	605	1174
349	145	607	175
349	145	607	1173
349	145	607	1174
349	145	619	175
349	145	619	1208
349	145	619	1209
349	145	623	1208
349	145	625	175
349	145	625	1225
349	145	630	1225
349	145	632	175
349	145	632	1242
349	145	637	1242
349	145	639	175
349	145	639	1257
349	145	644	1257
349	145	646	175
349	145	646	1274
349	145	647	175
349	145	647	1274
349	145	647	1275
349	145	649	175
349	145	649	1274
349	145	649	1275
349	145	653	175
349	145	653	1295
349	145	654	175
349	145	654	1295
349	145	654	1296
349	145	655	175
349	145	655	1295
349	145	655	1296
349	145	658	175
349	145	658	1299
349	145	659	175
349	145	659	1299
349	145	659	1300
349	145	661	175
349	145	661	1299
349	145	661	1300
349	145	665	175
349	145	665	1316
349	145	666	175
349	145	666	1316
349	145	666	1317
349	145	668	175
349	145	668	1316
349	145	668	1317
349	145	672	175
349	145	672	388
349	145	673	175
349	145	673	388
349	145	673	1333
349	145	675	175
349	145	675	388
349	145	675	1333
349	145	679	175
349	145	679	1356
349	145	680	175
349	145	680	1356
349	145	680	1357
349	145	684	175
349	145	684	1372
349	145	685	175
349	145	685	1372
349	145	685	1373
349	145	689	175
349	145	689	1384
349	145	690	175
349	145	690	1384
349	145	690	1385
349	145	693	175
349	145	693	1393
349	145	694	175
349	145	694	1393
349	145	697	175
349	145	697	1401
349	145	705	175
349	145	705	1421
349	145	706	175
349	145	706	1421
349	145	706	1422
349	145	707	175
349	145	707	1421
349	145	707	1422
349	145	710	175
349	145	710	1427
349	145	711	175
349	145	711	1427
349	145	711	1428
349	145	712	175
349	145	712	1427
349	145	712	1428
349	145	715	175
349	145	715	1434
349	145	716	175
349	145	716	1434
349	145	716	1435
349	145	718	175
349	145	718	1434
349	145	718	1435
349	184	11	166
349	184	11	167
349	184	20	194
349	184	20	195
349	184	20	196
349	184	25	210
349	184	25	211
349	184	444	341
349	184	444	433
349	184	444	532
349	184	445	191
349	184	445	533
349	184	485	175
349	184	485	828
349	184	486	175
349	184	486	828
349	184	486	829
349	184	488	175
349	184	488	828
349	184	488	829
349	184	492	175
349	184	492	863
349	184	493	175
349	184	493	863
349	184	493	864
349	184	495	175
349	184	495	863
349	184	495	864
349	184	499	175
349	184	499	886
349	184	500	175
349	184	500	886
349	184	500	887
349	184	502	175
349	184	502	886
349	184	502	887
349	184	506	175
349	184	506	904
349	184	507	175
349	184	507	904
349	184	507	905
349	184	509	175
349	184	509	904
349	184	509	905
349	184	513	175
349	184	513	922
349	184	514	175
349	184	514	922
349	184	514	923
349	184	516	175
349	184	516	922
349	184	516	923
349	184	520	175
349	184	520	944
349	184	521	175
349	184	521	944
349	184	521	945
349	184	523	175
349	184	523	944
349	184	523	945
349	184	527	175
349	184	527	966
349	184	528	175
349	184	528	966
349	184	528	967
349	184	530	175
349	184	530	966
349	184	530	967
349	184	548	175
349	184	548	1019
349	184	549	175
349	184	549	1019
349	184	549	1020
349	184	551	175
349	184	551	1019
349	184	551	1020
349	184	555	175
349	184	555	1039
349	184	556	175
349	184	556	1039
349	184	556	1040
349	184	558	175
349	184	558	1039
349	184	558	1040
349	184	562	175
349	184	562	1062
349	184	563	175
349	184	563	1063
349	184	563	1064
349	184	565	175
349	184	565	1063
349	184	565	1064
349	184	569	175
349	184	569	1083
349	184	570	175
349	184	570	1083
349	184	570	1084
349	184	572	175
349	184	572	1083
349	184	572	1084
349	184	576	175
349	184	576	1103
349	184	577	175
349	184	577	1103
349	184	577	1104
349	184	579	175
349	184	579	1103
349	184	579	1104
349	184	584	175
349	184	584	1104
349	184	584	1122
349	184	586	175
349	184	586	1122
349	184	591	175
349	184	591	1139
349	184	591	1140
349	184	593	175
349	184	593	1139
349	184	593	1140
349	184	598	175
349	184	598	1156
349	184	598	1157
349	184	600	175
349	184	600	1156
349	184	600	1157
349	184	605	175
349	184	605	1173
349	184	605	1174
349	184	607	175
349	184	607	1173
349	184	607	1174
349	184	619	175
349	184	619	1208
349	184	619	1209
349	184	625	175
349	184	625	1225
349	184	632	175
349	184	632	1242
349	184	639	175
349	184	639	1257
349	184	646	175
349	184	646	1274
349	184	647	175
349	184	647	1274
349	184	647	1275
349	184	649	175
349	184	649	1274
349	184	649	1275
349	184	653	175
349	184	653	1295
349	184	654	175
349	184	654	1295
349	184	654	1296
349	184	655	175
349	184	655	1295
349	184	655	1296
349	184	658	175
349	184	658	1299
349	184	659	175
349	184	659	1299
349	184	659	1300
349	184	661	175
349	184	661	1299
349	184	661	1300
349	184	665	175
349	184	665	1316
349	184	666	175
349	184	666	1316
349	184	666	1317
349	184	668	175
349	184	668	1316
349	184	668	1317
349	184	672	175
349	184	672	388
349	184	673	175
349	184	673	388
349	184	673	1333
349	184	675	175
349	184	675	388
349	184	675	1333
349	184	679	175
349	184	679	1356
349	184	680	175
349	184	680	1356
349	184	680	1357
349	184	684	175
349	184	684	1372
349	184	685	175
349	184	685	1372
349	184	685	1373
349	184	689	175
349	184	689	1384
349	184	690	175
349	184	690	1384
349	184	690	1385
349	184	693	175
349	184	693	1393
349	184	694	175
349	184	694	1393
349	184	697	175
349	184	697	1401
349	184	705	175
349	184	705	1421
349	184	706	175
349	184	706	1421
349	184	706	1422
349	184	707	175
349	184	707	1421
349	184	707	1422
349	184	710	175
349	184	710	1427
349	184	711	175
349	184	711	1427
349	184	711	1428
349	184	712	175
349	184	712	1427
349	184	712	1428
349	184	715	175
349	184	715	1434
349	184	716	175
349	184	716	1434
349	184	716	1435
349	184	718	175
349	184	718	1434
349	184	718	1435
349	186	25	210
349	186	25	211
349	251	468	175
349	251	469	170
349	251	469	175
349	251	470	170
349	251	470	175
349	251	1151	175
349	251	1151	2130
349	251	1152	175
349	251	1152	2130
349	256	11	166
349	256	11	167
349	256	53	371
349	256	53	372
349	256	468	175
349	256	469	170
349	256	469	175
349	256	470	170
349	256	470	175
349	256	1151	175
349	256	1151	2130
349	256	1152	175
349	256	1152	2130
349	259	1151	175
349	259	1151	2130
349	265	1180	179
349	265	1180	198
349	265	1180	2163
349	265	1181	175
349	265	1181	2130
349	265	1182	175
349	265	1182	191
349	265	1183	2171
349	265	1185	178
349	290	1229	2404
349	290	1230	2404
349	290	1230	2405
349	290	1232	2413
349	290	1233	2420
349	290	1233	2421
349	290	1233	2422
349	290	1234	2404
349	290	1234	2423
349	290	1235	2423
349	290	1235	2424
349	290	1236	229
349	290	1236	2420
349	290	1236	2424
349	290	1236	2426
349	290	1237	2404
349	290	1237	2427
349	290	1238	2404
349	290	1238	2429
349	290	1239	2404
349	290	1239	2429
349	290	1240	2433
349	290	1240	2434
349	290	1241	2400
349	290	1241	2407
349	290	1241	2443
349	290	1241	2444
349	290	1241	2445
349	290	1242	2400
349	290	1242	2407
349	290	1242	2443
349	290	1242	2451
349	290	1242	2452
349	290	1242	2453
349	290	1243	2400
349	290	1243	2407
349	290	1243	2443
349	290	1243	2451
349	290	1243	2457
349	290	1243	2458
349	290	1244	2403
349	295	1304	2501
349	295	1304	2502
349	295	1305	2506
349	295	1306	2507
349	295	1306	2508
349	295	1307	2435
349	295	1307	2531
349	295	1310	2543
349	295	1310	2544
349	295	1311	2550
349	295	1311	2551
349	295	1312	2552
349	295	1312	2553
349	295	1313	170
349	295	1313	2425
349	295	1313	2554
349	295	1313	2555
349	295	1314	2556
349	295	1314	2557
349	295	1315	2560
349	295	1316	2587
349	295	1316	2588
349	295	1317	2614
349	295	1317	2615
349	295	1318	2623
349	295	1319	2626
349	295	1320	2636
349	295	1320	2637
349	295	1321	2662
349	295	1321	2663
349	295	1322	2623
349	295	1323	2666
349	295	1323	2667
349	295	1324	2670
349	295	1324	2671
349	295	1325	2696
349	295	1325	2697
349	295	1326	2623
349	295	1326	2666
349	295	1327	2700
349	295	1327	2701
349	295	1328	2703
349	295	1328	2704
349	295	1329	2729
349	295	1329	2730
349	295	1330	2623
349	295	1330	2700
349	295	1331	2700
349	295	1331	2701
349	295	1332	2735
349	295	1332	2736
349	295	1333	2761
349	295	1333	2762
349	295	1334	2623
349	295	1334	2700
349	295	1335	2700
349	295	1335	2701
349	295	1336	2766
349	295	1336	2767
349	295	1337	2791
349	295	1337	2792
349	295	1338	2623
349	295	1338	2700
349	295	1339	2795
349	295	1339	2796
349	295	1340	2798
349	295	1340	2799
349	295	1341	2823
349	295	1341	2824
349	295	1342	2623
349	295	1342	2795
349	295	1343	2795
349	295	1343	2796
349	295	1344	2828
349	295	1344	2829
349	295	1345	2853
349	295	1345	2854
349	295	1346	2623
349	295	1346	2795
349	295	1347	2857
349	295	1347	2858
349	295	1348	2861
349	295	1348	2862
349	295	1349	2886
349	295	1349	2887
349	295	1350	2623
349	295	1350	2857
349	295	1351	2890
349	295	1351	2891
349	295	1352	2893
349	295	1352	2894
349	295	1353	2918
349	295	1353	2919
349	295	1354	2623
349	295	1354	2890
349	295	1355	2922
349	295	1355	2923
349	295	1356	2925
349	295	1356	2926
349	295	1357	2950
349	295	1357	2951
349	295	1358	2623
349	295	1358	2922
349	295	1359	2922
349	295	1359	2923
349	295	1360	2955
349	295	1360	2956
349	295	1361	2980
349	295	1361	2981
349	295	1362	2623
349	295	1362	2922
349	295	1363	2984
349	295	1363	2985
349	295	1364	2987
349	295	1364	2988
349	295	1365	848
349	295	1366	2623
349	295	1366	2984
349	295	1367	2984
349	295	1367	2985
349	295	1368	3016
349	295	1368	3017
349	295	1369	848
349	295	1370	2623
349	295	1370	2984
349	295	1371	2984
349	295	1371	2985
349	295	1372	3044
349	295	1372	3045
349	295	1373	848
349	295	1374	2623
349	295	1374	2984
349	295	1375	3071
349	295	1375	3072
349	295	1376	3074
349	295	1376	3075
349	295	1377	848
349	295	1378	2623
349	295	1378	3071
349	295	1379	3101
349	295	1379	3102
349	295	1379	3103
349	295	1381	3107
349	295	1381	3108
349	295	1382	3116
349	295	1382	3117
349	295	1384	3128
349	295	1384	3129
349	295	1385	3134
349	295	1385	3135
349	295	1386	170
349	295	1386	3145
349	295	1386	3146
349	295	1388	2544
349	295	1388	3146
349	295	1388	3147
349	295	1391	3149
349	736	1304	2501
349	736	1304	2502
349	736	1305	2506
349	736	2238	2526
349	736	2238	3897
349	736	2238	3898
349	736	2238	3899
349	736	2238	3900
349	736	2238	3901
349	736	2238	3902
349	736	2238	3903
349	736	2238	3904
349	736	2238	3905
349	736	2238	3906
349	736	2238	3907
349	736	2238	3908
349	736	2241	3920
349	736	2242	3921
349	736	2244	3943
349	736	2244	3944
349	736	2245	3943
349	736	2245	3944
349	736	2246	3921
349	736	2247	3921
349	736	2248	3921
349	736	2248	3958
349	736	2249	3960
349	736	2250	3960
349	736	2251	3966
349	736	2251	3967
349	736	2252	3966
349	736	2252	3967
349	736	2253	3960
349	736	2254	3960
349	736	2255	3958
349	736	2255	3960
349	736	2256	3973
349	736	2257	3973
349	736	2258	3977
349	736	2258	3978
349	736	2259	3977
349	736	2259	3978
349	736	2260	3973
349	736	2261	3973
349	736	2262	3958
349	736	2262	3973
349	736	2263	3986
349	736	2264	3986
349	736	2265	4002
349	736	2265	4003
349	736	2266	4002
349	736	2266	4003
349	736	2267	3986
349	736	2268	3986
349	736	2269	3958
349	736	2269	3986
349	736	2270	4010
349	736	2271	4010
349	736	2272	4013
349	736	2272	4014
349	736	2273	4013
349	736	2273	4014
349	736	2274	4010
349	736	2275	4010
349	736	2276	3958
349	736	2276	4010
349	736	2277	4020
349	736	2278	4020
349	736	2279	4024
349	736	2279	4025
349	736	2280	4024
349	736	2280	4025
349	736	2281	4020
349	736	2282	4020
349	736	2283	3958
349	736	2283	4020
349	736	2284	4032
349	736	2285	4032
349	736	2286	4035
349	736	2286	4036
349	736	2287	4035
349	736	2287	4036
349	736	2288	4032
349	736	2289	4032
349	736	2290	3958
349	736	2290	4032
349	736	2291	4043
349	736	2292	4043
349	736	2293	4046
349	736	2293	4047
349	736	2294	4046
349	736	2294	4047
349	736	2295	4043
349	736	2296	4043
349	736	2297	3958
349	736	2297	4043
349	736	2298	3917
349	736	2299	3917
349	736	2300	4058
349	736	2300	4059
349	736	2301	4058
349	736	2301	4059
349	736	2302	3917
349	736	2303	3917
349	736	2304	3917
349	736	2304	3958
349	736	2305	3909
349	736	2306	3909
349	736	2307	4068
349	736	2307	4069
349	736	2308	4068
349	736	2308	4069
349	736	2309	3909
349	736	2310	3909
349	736	2311	3909
349	736	2311	3958
349	736	2312	4077
349	736	2313	4077
349	736	2314	4080
349	736	2314	4081
349	736	2315	4080
349	736	2315	4081
349	736	2316	4077
349	736	2317	4077
349	736	2318	3958
349	736	2318	4077
349	736	2319	4089
349	736	2320	4089
349	736	2321	4092
349	736	2321	4093
349	736	2322	4092
349	736	2322	4093
349	736	2323	4089
349	736	2324	4089
349	736	2325	3958
349	736	2325	4089
349	736	2326	4100
349	736	2327	4100
349	736	2328	4103
349	736	2328	4104
349	736	2329	4103
349	736	2329	4104
349	736	2330	4100
349	736	2331	4100
349	736	2332	3958
349	736	2332	4100
349	736	2333	4110
349	736	2334	4110
349	736	2335	4113
349	736	2335	4114
349	736	2336	4113
349	736	2336	4114
349	736	2337	4110
349	736	2338	4110
349	736	2339	3958
349	736	2339	4110
349	736	2340	4120
349	736	2341	4120
349	736	2342	4123
349	736	2342	4124
349	736	2343	4123
349	736	2343	4124
349	736	2344	4120
349	736	2345	4120
349	736	2346	3958
349	736	2346	4120
349	736	2347	4130
349	736	2348	4130
349	736	2349	4133
349	736	2349	4134
349	736	2350	4133
349	736	2350	4134
349	736	2351	4130
349	736	2352	4130
349	736	2353	3958
349	736	2353	4130
349	736	2354	4140
349	736	2355	4140
349	736	2356	4147
349	736	2356	4148
349	736	2357	4165
349	736	2357	4166
349	736	2358	4140
349	736	2359	4140
349	736	2360	4170
349	736	2361	4170
349	736	2362	4172
349	736	2362	4173
349	736	2363	4192
349	736	2363	4193
349	736	2364	4170
349	736	2365	4170
349	736	2366	4197
349	736	2367	4197
349	736	2368	4198
349	736	2368	4199
349	736	2369	4208
349	736	2369	4209
349	736	2370	4197
349	736	2371	4197
349	736	2372	4197
349	736	2373	4197
349	736	2374	4212
349	736	2374	4213
349	736	2375	4217
349	736	2375	4218
349	736	2376	4197
349	736	2377	4197
349	736	2378	4197
349	736	2379	4197
349	736	2380	4221
349	736	2380	4222
349	736	2381	4228
349	736	2381	4229
349	736	2382	4197
349	736	2383	4197
349	736	2384	170
349	736	2384	3145
349	736	2384	4232
349	736	2385	2544
349	736	2386	2544
349	736	2386	4232
349	736	2386	4233
349	736	2387	2544
349	736	2387	4232
349	736	2387	4233
349	736	2408	4235
349	1269	485	175
349	1269	485	828
349	1269	492	175
349	1269	492	863
349	1269	499	175
349	1269	499	886
349	1269	506	175
349	1269	506	904
349	1269	513	175
349	1269	513	922
349	1269	520	175
349	1269	520	944
349	1269	527	175
349	1269	527	966
349	1269	534	175
349	1269	534	986
349	1269	541	175
349	1269	541	1003
349	1269	548	175
349	1269	548	1019
349	1269	555	175
349	1269	555	1039
349	1269	562	175
349	1269	562	1062
349	1269	569	175
349	1269	569	1083
349	1269	576	175
349	1269	576	1103
349	1269	583	175
349	1269	583	1122
349	1269	590	175
349	1269	590	1139
349	1269	597	175
349	1269	597	1156
349	1269	604	175
349	1269	604	1173
349	1269	611	175
349	1269	611	1191
349	1269	618	175
349	1269	618	1208
349	1269	625	175
349	1269	625	1225
349	1269	632	175
349	1269	632	1242
349	1269	639	175
349	1269	639	1257
349	1269	646	175
349	1269	646	1274
349	1269	653	175
349	1269	653	1295
349	1269	658	175
349	1269	658	1299
349	1269	665	175
349	1269	665	1316
349	1269	672	175
349	1269	672	388
349	1269	679	175
349	1269	679	1356
349	1269	684	175
349	1269	684	1372
349	1269	689	175
349	1269	689	1384
349	1269	693	175
349	1269	693	1393
349	1269	697	175
349	1269	697	1401
349	1269	705	175
349	1269	705	1421
349	1269	710	175
349	1269	710	1427
349	1269	715	175
349	1269	715	1434
349	1269	722	175
349	1269	722	1451
349	1269	2749	5239
349	1269	2750	828
349	1269	2751	828
349	1269	2752	229
349	1269	2752	828
349	1269	2753	229
349	1269	2753	828
349	1269	2754	229
349	1269	2754	828
349	1269	2755	828
349	1269	2756	863
349	1269	2757	863
349	1269	2758	863
349	1269	2759	886
349	1269	2760	886
349	1269	2761	886
349	1269	2762	904
349	1269	2763	904
349	1269	2764	170
349	1269	2764	904
349	1269	2765	922
349	1269	2766	922
349	1269	2767	944
349	1269	2768	944
349	1269	2769	966
349	1269	2770	966
349	1269	2771	5241
349	1269	2772	5241
349	1269	2773	1019
349	1269	2774	1019
349	1269	2775	1427
349	1269	2776	1427
349	1269	2777	1427
349	1269	2778	1434
349	1269	2779	1434
349	1269	2780	1451
349	1269	2781	5242
349	1269	2781	5243
349	1269	2781	5244
349	1269	2782	1451
349	1269	2783	170
349	1269	2783	1451
349	1269	2784	1039
349	1269	2785	1039
349	1269	2786	1039
349	1269	2787	1039
349	1269	2788	229
349	1269	2788	1039
349	1269	2789	229
349	1269	2789	1039
349	1269	2790	229
349	1269	2790	1039
349	1269	2791	1062
349	1269	2792	1063
349	1269	2793	1062
349	1269	2793	1063
349	1269	2794	1062
349	1269	2795	1083
349	1269	2796	1083
349	1269	2797	205
349	1269	2797	1083
349	1269	2797	5245
349	1269	2797	5246
349	1269	2798	1083
349	1269	2799	1083
349	1269	2800	1103
349	1269	2801	1103
349	1269	2802	1103
349	1269	2803	170
349	1269	2804	1122
349	1269	2805	1122
349	1269	2806	5247
349	1269	2807	1122
349	1269	2808	5248
349	1269	2809	1139
349	1269	2810	1139
349	1269	2811	5249
349	1269	2812	170
349	1269	2812	1139
349	1269	2813	1156
349	1269	2814	1156
349	1269	2815	170
349	1269	2815	5250
349	1269	2816	170
349	1269	2816	1156
349	1269	2817	1173
349	1269	2818	1173
349	1269	2819	5251
349	1269	2820	1191
349	1269	2821	1191
349	1269	2822	1208
349	1269	2823	1208
349	1269	2824	1225
349	1269	2825	1225
349	1269	2826	1242
349	1269	2827	1242
349	1269	2828	1242
349	1269	2829	1257
349	1269	2830	1257
349	1269	2831	1257
349	1269	2832	1257
349	1269	2833	1274
349	1269	2834	1274
349	1269	2835	229
349	1269	2835	1274
349	1269	2836	229
349	1269	2836	1274
349	1269	2837	229
349	1269	2837	1274
349	1269	2838	1274
349	1269	2839	1295
349	1269	2840	1295
349	1269	2841	1299
349	1269	2842	1299
349	1269	2843	1299
349	1269	2844	1316
349	1269	2845	1316
349	1269	2846	388
349	1269	2847	388
349	1269	2848	1356
349	1269	2849	229
349	1269	2849	1356
349	1269	2850	229
349	1269	2850	1356
349	1269	2851	229
349	1269	2851	1356
349	1269	2852	1372
349	1269	2853	1372
349	1269	2854	1384
349	1269	2855	848
349	1269	2855	1384
349	1269	2856	1393
349	1269	2856	5252
349	1269	2857	1393
349	1269	2858	1401
349	1269	2859	1401
349	1269	2859	5253
349	1269	2860	170
349	1269	2860	1421
349	1269	2861	170
349	1269	2861	1421
349	1269	2862	170
349	1269	2862	1421
349	1269	2863	170
349	1269	2863	1421
349	1269	2864	175
349	1269	2864	1208
349	1269	2864	5254
349	1269	2865	175
349	1269	2865	1208
349	1269	2865	5254
349	1271	2888	5259
349	1271	2888	5260
349	1271	2889	5269
349	1271	2889	5270
349	1271	2890	2541
349	1271	2890	5272
349	1271	2891	2541
349	1271	2891	5272
349	1271	2892	2668
349	1271	2892	5273
349	1271	2893	5274
349	1271	2894	5278
349	1271	2894	5279
349	1271	2894	5280
349	1271	2895	3178
349	1271	2895	5281
349	1271	2896	3170
349	1271	2896	5282
349	1271	2897	3160
349	1271	2898	2623
349	1271	2898	5284
349	1271	2899	5287
349	1271	2899	5288
349	1271	2900	205
349	1271	2900	5303
349	1271	2902	5308
349	1271	2902	5309
349	1271	2903	5312
349	1271	2903	5313
349	1271	2904	5318
349	1271	2905	5327
349	1271	2905	5328
349	1271	2906	205
349	1271	2906	5367
349	1271	2906	5368
349	1271	2906	5369
349	1271	2909	5289
349	1271	2909	5371
349	1271	2910	5374
349	1271	2910	5375
349	1271	2911	3190
349	1271	2911	5393
349	1271	2913	3145
349	1271	2913	5394
349	1271	2914	5396
349	1271	2915	204
349	1271	2915	3103
349	1271	2915	5399
349	1271	2916	5400
349	1271	2916	5401
349	1271	2917	5404
349	1271	2917	5405
349	1271	2918	5412
349	1271	2918	5413
349	1271	2919	5423
349	1271	2919	5424
349	1271	2920	5370
349	1271	2920	5426
349	1271	2921	5410
349	1271	2921	5427
349	1271	2921	5428
349	1271	2922	5429
349	1271	2922	5430
349	1271	2923	5433
349	1271	2923	5434
349	1271	2924	3188
349	1271	2924	5437
349	1271	2925	5438
349	1271	2926	5439
349	1271	2926	5440
349	1271	2927	5449
349	1271	2927	5450
349	1271	2928	3185
349	1271	2928	5482
349	1271	2929	205
349	1271	2929	3130
349	1271	2930	205
349	1271	2930	5485
349	1271	2930	5486
349	1271	2931	5297
349	1271	2931	5488
349	1271	2932	3178
349	1271	2933	5400
349	1271	2933	5401
349	1271	2934	5489
349	1271	2935	3191
349	1271	2936	2623
349	1271	2936	5284
349	1271	2937	205
349	1271	2937	5298
349	1271	2937	5493
349	1271	2938	5439
349	1271	2938	5440
349	1271	2939	5485
349	1271	2939	5501
349	1271	2940	205
349	1271	2940	5290
349	1271	2940	5507
349	1271	2941	5509
349	1271	2941	5510
349	1271	2942	205
349	1271	2942	3157
349	1271	2942	5511
349	1271	2943	5513
349	1271	2943	5514
349	1271	2944	5517
349	1271	2944	5518
349	1271	2945	3178
349	1271	2945	5520
349	1271	2945	5521
349	1271	2946	5498
349	1271	2946	5523
349	1271	2946	5524
349	1271	2947	5331
349	1271	2947	5525
349	1271	2947	5526
349	1271	2948	5579
349	1271	2949	5579
349	1271	2949	5583
349	1271	2950	5586
349	1271	2950	5587
349	1271	2951	5597
349	1271	2951	5598
349	1271	2952	5599
349	1271	2952	5600
349	1271	2953	5603
349	1271	2953	5604
349	1271	2954	5609
349	1271	2954	5610
349	1271	2955	205
349	1271	2955	5619
349	1271	2955	5620
349	1271	2956	5404
349	1271	2956	5405
349	1271	2957	205
349	1271	2957	5627
349	1271	2957	5628
349	1271	2958	205
349	1271	2958	5290
349	1271	2958	5507
349	1271	2959	5635
349	1271	2959	5636
349	1271	2960	5643
349	1271	2960	5644
349	1271	2961	3184
349	1271	2961	5652
349	1271	2962	5654
349	1271	2962	5655
349	1271	2963	5660
349	1271	2963	5661
349	1271	2964	5664
349	1271	2964	5665
349	1271	2965	5670
349	1271	2965	5671
349	1271	2966	5675
349	1271	2966	5676
349	1271	2967	3184
349	1271	2967	5652
349	1271	2968	5678
349	1271	2968	5679
349	1271	2969	2568
349	1271	2969	5683
349	1271	2970	2668
349	1271	2970	5273
349	1271	2971	3170
349	1271	2971	5282
349	1271	2972	5685
349	1271	2972	5686
349	1271	2973	5449
349	1271	2973	5450
349	1271	2974	5692
349	1271	2974	5693
349	1271	2975	5699
349	1271	2975	5700
349	1271	2976	5704
349	1271	2976	5705
349	1271	2977	5439
349	1271	2977	5440
349	1271	2977	5708
349	1271	2978	5449
349	1271	2978	5450
349	1271	2979	5714
349	1271	2979	5715
349	1271	2980	5460
349	1271	2981	5460
349	1271	2981	5716
349	1271	2982	5400
349	1271	2982	5401
349	1271	2983	3152
349	1271	2983	5718
349	1271	2984	5721
349	1271	2984	5722
349	1271	2985	5723
349	1271	2985	5724
349	1271	2986	5732
349	1271	2986	5733
349	1271	2987	3184
349	1271	2988	3184
349	1271	2989	3900
349	1271	2989	3907
349	1271	2989	3947
349	1271	2989	3949
349	1271	2989	4141
349	1271	2989	5286
349	1271	2989	5415
349	1271	2989	5431
349	1271	2989	5432
349	1271	2989	5490
349	1271	2989	5531
349	1271	2989	5532
349	1271	2989	5688
349	1271	2989	5689
349	1271	2989	5745
349	1271	2989	5746
349	1271	2989	5747
349	1271	2989	5748
349	1271	2989	5749
349	1271	2989	5750
349	1271	2989	5751
349	1271	2989	5752
349	1271	2989	5753
349	1271	2990	3185
349	1271	2990	5482
349	1271	2991	3185
349	1271	2992	3185
349	1271	2993	5761
349	1271	2994	5762
349	1271	2995	5761
349	1271	2996	3178
349	1271	2996	5769
349	1271	2996	5770
349	1271	2997	5772
349	1271	2997	5773
349	1271	2998	5400
349	1271	2998	5401
349	1271	2999	2568
349	1271	2999	5683
349	1271	2999	5776
349	1271	3000	2568
349	1271	3000	5683
349	1271	3001	5721
349	1271	3001	5722
349	1271	3002	5656
349	1271	3002	5780
349	1271	3003	5783
349	1271	3003	5784
349	1271	3004	3176
349	1271	3004	5793
349	1271	3005	2544
349	1271	3005	5798
349	1271	3006	3158
349	1271	3006	5800
349	1271	3007	3158
349	1271	3007	5800
349	1271	3008	5803
349	1271	3008	5804
349	1271	3009	5579
349	1271	3009	5583
349	1271	3010	5803
349	1271	3010	5804
349	1271	3011	229
349	1271	3012	5809
349	1271	3012	5810
349	1271	3013	5823
349	1271	3013	5824
349	1271	3014	3184
349	1271	3014	5652
349	1271	3015	5826
349	1271	3015	5827
349	1271	3016	3103
349	1271	3016	5828
349	1271	3017	204
349	1271	3017	5829
349	1271	3017	5830
349	1271	3018	205
349	1271	3018	5835
349	1271	3018	5836
349	1271	3019	5840
349	1271	3019	5841
349	1271	3020	5842
349	1271	3020	5843
349	1271	3021	5842
349	1271	3021	5843
349	1271	3022	3184
349	1271	3022	5652
349	1271	3023	5844
349	1271	3023	5845
349	1271	3024	5846
349	1271	3024	5847
349	1271	3025	5848
349	1271	3025	5849
349	1271	3026	5850
349	1271	3026	5851
349	1271	3027	5852
349	1271	3027	5853
349	1271	3028	5806
349	1271	3030	5854
349	1271	3030	5855
349	1271	3031	3176
349	1271	3031	5793
349	1271	3032	5874
349	1271	3033	5878
349	1271	3033	5879
349	1271	3034	170
349	1271	3034	2541
349	1271	3034	5272
349	1271	3035	3190
349	1271	3035	5393
349	1271	3036	3172
349	1271	3036	5881
349	1271	3037	5882
349	1271	3037	5883
349	1271	3038	3186
349	1271	3038	5884
349	1271	3039	3184
349	1271	3039	5652
349	1271	3040	2668
349	1271	3040	5273
349	1271	3041	5885
349	1271	3043	5899
349	1271	3043	5900
349	1271	3044	5901
349	1271	3044	5902
349	1271	3045	5568
349	1271	3045	5910
349	1271	3046	3172
349	1271	3046	5881
349	1271	3047	5911
349	1271	3047	5912
349	1271	3048	5915
349	1271	3048	5916
349	1271	3049	2544
349	1271	3049	5798
349	1271	3050	3184
349	1271	3050	5652
349	1271	3051	3186
349	1271	3051	5884
349	1271	3052	5838
349	1271	3052	5920
349	1271	3053	5922
349	1271	3053	5923
349	1271	3054	3186
349	1271	3054	5884
349	1271	3055	5925
349	1271	3055	5926
349	1271	3056	5932
349	1271	3056	5933
349	1271	3057	5932
349	1271	3057	5933
349	1271	3058	5934
349	1271	3058	5935
349	1271	3059	5936
349	1271	3059	5937
349	1271	3060	5943
349	1271	3061	5944
349	1271	3061	5945
349	1271	3062	5947
349	1271	3062	5948
349	1271	3063	5950
349	1271	3063	5951
349	1271	3064	5952
349	1271	3064	5953
349	1271	3065	5955
349	1271	3065	5956
349	1271	3066	5957
349	1271	3066	5958
349	1271	3067	5960
349	1271	3067	5961
349	1271	3068	5963
349	1271	3068	5964
349	1271	3069	5966
349	1271	3069	5967
349	1271	3070	5968
349	1271	3070	5969
349	1271	3071	5934
349	1271	3071	5935
349	1271	3072	5934
349	1271	3072	5935
349	1271	3073	2400
349	1271	3073	5971
349	1271	3073	5972
349	1271	3074	5973
349	1271	3075	5974
349	1271	3075	5975
349	1271	3076	5976
349	1271	3076	5977
349	1271	3077	5978
349	1271	3078	5979
349	1271	3078	5980
349	1271	3080	5981
349	1271	3080	5982
349	1271	3081	5983
349	1271	3081	5984
349	1271	3082	5985
349	1271	3082	5986
349	1271	3083	229
349	1361	11	166
349	1361	11	167
349	1361	19	193
349	1361	52	229
349	1361	468	175
349	1361	469	170
349	1361	469	175
349	1361	470	170
349	1361	470	175
349	1361	485	175
349	1361	485	828
349	1361	492	175
349	1361	492	863
349	1361	499	175
349	1361	499	886
349	1361	506	175
349	1361	506	904
349	1361	513	175
349	1361	513	922
349	1361	555	175
349	1361	555	1039
349	1361	646	175
349	1361	646	1274
349	1361	653	175
349	1361	653	1295
349	1361	658	175
349	1361	658	1299
349	1361	679	175
349	1361	679	1356
349	1361	684	175
349	1361	684	1372
349	1361	689	175
349	1361	689	1384
349	1361	693	175
349	1361	693	1393
349	1361	705	175
349	1361	705	1421
349	1361	710	175
349	1361	710	1427
349	1361	715	175
349	1361	715	1434
349	1361	2750	828
349	1361	2751	828
349	1361	2752	229
349	1361	2752	828
349	1361	2753	229
349	1361	2753	828
349	1361	2754	229
349	1361	2754	828
349	1361	2755	828
349	1361	2756	863
349	1361	2757	863
349	1361	2758	863
349	1361	2759	886
349	1361	2760	886
349	1361	2761	886
349	1361	2762	904
349	1361	2763	904
349	1361	2764	170
349	1361	2764	904
349	1361	2765	922
349	1361	2766	922
349	1361	2775	1427
349	1361	2776	1427
349	1361	2777	1427
349	1361	2778	1434
349	1361	2779	1434
349	1361	2784	1039
349	1361	2785	1039
349	1361	2786	1039
349	1361	2787	1039
349	1361	2788	229
349	1361	2788	1039
349	1361	2789	229
349	1361	2789	1039
349	1361	2790	229
349	1361	2790	1039
349	1361	2791	1062
349	1361	2792	1063
349	1361	2793	1062
349	1361	2793	1063
349	1361	2794	1062
349	1361	2795	1083
349	1361	2796	1083
349	1361	2798	1083
349	1361	2799	1083
349	1361	2800	1103
349	1361	2801	1103
349	1361	2802	1103
349	1361	2803	170
349	1361	2804	1122
349	1361	2805	1122
349	1361	2806	5247
349	1361	2807	1122
349	1361	2833	1274
349	1361	2834	1274
349	1361	2835	229
349	1361	2835	1274
349	1361	2836	229
349	1361	2836	1274
349	1361	2837	229
349	1361	2837	1274
349	1361	2838	1274
349	1361	2839	1295
349	1361	2840	1295
349	1361	2841	1299
349	1361	2842	1299
349	1361	2843	1299
349	1361	2844	1316
349	1361	2845	1316
349	1361	2848	1356
349	1361	2849	229
349	1361	2849	1356
349	1361	2850	229
349	1361	2850	1356
349	1361	2851	229
349	1361	2851	1356
349	1361	2852	1372
349	1361	2853	1372
349	1361	2854	1384
349	1361	2855	848
349	1361	2855	1384
349	1361	2856	1393
349	1361	2856	5252
349	1361	2857	1393
349	1361	2860	170
349	1361	2860	1421
349	1361	2861	170
349	1361	2861	1421
349	1361	2862	170
349	1361	2862	1421
349	1361	2863	170
349	1361	2863	1421
349	1368	520	175
349	1368	520	944
349	1368	527	175
349	1368	527	966
349	1368	548	175
349	1368	548	1019
349	1368	625	175
349	1368	625	1225
349	1368	632	175
349	1368	632	1242
349	1368	639	175
349	1368	639	1257
349	1368	672	175
349	1368	672	388
349	1368	2767	944
349	1368	2768	944
349	1368	2769	966
349	1368	2770	966
349	1368	2771	5241
349	1368	2772	5241
349	1368	2773	1019
349	1368	2774	1019
349	1368	2780	1451
349	1368	2781	5242
349	1368	2781	5243
349	1368	2781	5244
349	1368	2782	1451
349	1368	2783	170
349	1368	2783	1451
349	1368	2809	1139
349	1368	2810	1139
349	1368	2811	5249
349	1368	2813	1156
349	1368	2814	1156
349	1368	2815	170
349	1368	2815	5250
349	1368	2817	1173
349	1368	2818	1173
349	1368	2819	5251
349	1368	2820	1191
349	1368	2821	1191
349	1368	2822	1208
349	1368	2823	1208
349	1368	2824	1225
349	1368	2825	1225
349	1368	2826	1242
349	1368	2827	1242
349	1368	2828	1242
349	1368	2829	1257
349	1368	2830	1257
349	1368	2831	1257
349	1368	2832	1257
349	1368	2846	388
349	1368	2847	388
349	1368	2858	1401
349	1581	4053	205
349	1583	11	166
349	1583	11	167
349	1583	468	175
349	1583	469	170
349	1583	469	175
349	1583	470	170
349	1583	470	175
349	1583	2791	1062
349	1583	2794	1062
349	2808	4060	828
349	2808	4060	7565
349	2808	4062	828
349	2808	4062	7565
349	2808	4062	7566
349	2808	4063	828
349	2808	4063	7565
349	2808	4064	863
349	2808	4064	7569
349	2808	4066	7570
349	2808	4066	7571
349	2808	4067	7572
349	2808	4068	904
349	2808	4070	904
349	2808	4070	7575
349	2808	4070	7576
349	2808	4071	904
349	2808	4071	7575
349	2808	4072	904
349	2808	4072	920
349	2808	4073	922
349	2808	4073	7579
349	2808	4075	922
349	2808	4075	7579
349	2808	4075	7580
349	2808	4076	922
349	2808	4076	7579
349	2808	4077	944
349	2808	4077	7583
349	2808	4079	944
349	2808	4079	7583
349	2808	4079	7584
349	2808	4080	944
349	2808	4080	7586
349	2808	4081	388
349	2808	4083	388
349	2808	4083	7589
349	2808	4083	7590
349	2808	4084	388
349	2808	4084	1354
349	2808	4085	986
349	2808	4085	7591
349	2808	4086	1003
349	2808	4086	7591
349	2808	4088	5241
349	2808	4088	7591
349	2808	4088	7592
349	2808	4089	5241
349	2808	4089	7591
349	2808	4090	1019
349	2808	4090	7595
349	2808	4092	1019
349	2808	4092	7595
349	2808	4092	7596
349	2808	4093	1019
349	2808	4093	7597
349	2808	4094	1427
349	2808	4094	7600
349	2808	4096	1427
349	2808	4096	7600
349	2808	4096	7601
349	2808	4097	1427
349	2808	4097	7600
349	2808	4098	1434
349	2808	4098	7604
349	2808	4100	1434
349	2808	4100	7604
349	2808	4100	7605
349	2808	4101	1434
349	2808	4101	7604
349	2808	4125	178
349	2808	4127	7607
349	2808	4127	7608
349	2808	4128	7609
349	2808	4129	7610
349	2808	4130	7609
349	2808	4131	7612
349	2808	4133	7614
349	2808	4133	7615
349	2808	4134	7616
349	2808	4135	7617
349	2808	4136	7616
349	2808	4137	7619
349	2808	4139	7621
349	2808	4140	7622
349	2808	4144	7623
349	2808	4145	7624
349	2808	4146	178
349	2808	4147	7625
349	2808	4147	7626
349	2808	4148	7627
349	2808	4150	178
349	2808	4152	7633
349	2808	4152	7634
349	2808	4153	7635
349	2808	4155	170
349	2808	4155	7636
349	2808	4156	170
349	2808	4156	7636
349	2808	4157	170
349	2808	4157	7637
349	2808	4158	170
349	2808	4158	7637
349	2808	4159	7636
349	2808	4159	7638
349	2808	4160	7639
349	2808	4160	7640
349	2907	433	191
349	2907	4568	7761
349	2907	4568	7762
349	2909	11	166
349	2909	11	167
349	2909	468	175
349	2909	469	170
349	2909	469	175
349	2909	470	170
349	2909	470	175
349	2909	4568	7761
349	2909	4568	7762
349	2911	562	175
349	2911	562	1062
349	2911	771	175
349	2926	4586	7819
349	2929	11	166
349	2929	11	167
349	2933	4666	7830
349	2933	4667	7831
349	2933	4668	7831
349	2933	4668	7832
349	2933	4669	7831
349	2933	4669	7832
349	2933	4670	170
349	2933	4670	7831
349	2933	4670	7832
349	2933	4671	7831
349	2933	4671	7832
349	2933	4672	7831
349	2933	4672	7832
349	2933	4672	7840
349	2933	4673	7831
349	2933	4673	7832
349	2933	4673	7840
349	2933	4674	7831
349	2933	4674	7832
349	2933	4674	7840
349	2933	4675	7846
349	2933	4676	170
349	2933	4676	7846
349	2933	4676	7847
349	2933	4677	170
349	2933	4677	7846
349	2933	4677	7847
349	2933	4678	170
349	2933	4678	7846
349	2933	4678	7847
349	2933	4678	7849
349	2933	4679	170
349	2933	4679	7846
349	2933	4679	7847
349	2933	4680	170
349	2933	4680	7846
349	2933	4680	7847
349	2933	4680	7851
349	2933	4681	170
349	2933	4681	7846
349	2933	4681	7847
349	2933	4681	7851
349	2933	4682	170
349	2933	4682	7846
349	2933	4682	7847
349	2933	4682	7851
349	2933	4683	7835
349	2933	4684	170
349	2933	4684	7835
349	2933	4684	7856
349	2933	4685	170
349	2933	4685	7835
349	2933	4685	7856
349	2933	4686	170
349	2933	4686	7835
349	2933	4686	7856
349	2933	4686	7858
349	2933	4687	170
349	2933	4687	7835
349	2933	4687	7856
349	2933	4688	170
349	2933	4688	7835
349	2933	4688	7856
349	2933	4688	7860
349	2933	4689	170
349	2933	4689	7835
349	2933	4689	7856
349	2933	4689	7860
349	2933	4690	170
349	2933	4690	7835
349	2933	4690	7856
349	2933	4690	7860
349	2933	4691	170
349	2933	4691	7830
349	2933	4692	7830
349	2933	4692	7865
349	2933	4694	7869
349	2933	4694	7870
349	2933	4695	7871
349	2933	4696	7872
349	2933	4697	7874
349	2933	4698	7874
349	2933	4698	7877
349	2933	4699	7872
349	2933	4700	7872
349	2933	4701	7903
349	2933	4702	7904
349	2933	4703	7906
349	2933	4704	7906
349	2933	4704	7907
349	2933	4705	7904
349	2933	4706	7904
349	2933	4707	7916
349	2933	4708	7916
349	2933	4709	7919
349	2933	4710	7919
349	2933	4710	7920
349	2933	4711	7916
349	2933	4712	7916
349	2933	4713	170
349	2933	4714	7869
349	2933	4714	7870
349	2933	4716	7869
349	2933	4716	7870
349	2933	4717	7869
349	2933	4717	7870
349	2933	4718	7932
349	2933	4719	7933
349	3080	743	1485
349	3080	744	1485
349	3080	745	170
349	3172	418	433
349	3172	420	450
349	3172	420	451
349	3172	421	433
349	3172	421	452
349	3172	422	433
349	3172	422	459
349	3172	423	433
349	3172	423	462
349	3172	425	433
349	3172	425	489
349	3172	426	191
349	3172	426	467
349	3172	426	491
349	3172	427	494
349	3172	427	495
349	3172	433	191
349	3172	434	505
349	3172	434	506
349	3172	435	513
349	3172	436	433
349	3172	436	517
349	3172	437	191
349	3172	437	518
349	3172	442	433
349	3172	442	517
349	3172	444	341
349	3172	444	433
349	3172	444	532
349	3172	445	191
349	3172	445	533
349	3172	446	191
349	3172	446	518
349	3172	447	433
349	3172	447	517
349	3172	449	433
349	3172	449	556
349	3172	4740	170
349	3172	4740	445
349	3172	4741	205
349	3172	4741	433
349	3172	4742	433
349	3172	4742	517
349	3172	4743	170
349	3172	4744	495
349	3172	4744	8245
349	3172	4745	433
349	3172	4745	8248
349	3172	4746	433
349	3172	4746	8249
349	3172	4747	512
349	3172	4748	512
349	3172	4750	170
349	3172	4752	8260
349	3172	4754	8267
349	3172	4756	170
349	3172	4756	8268
349	3172	4756	8269
349	3172	4757	8270
349	3172	4757	8271
349	3172	4758	444
349	3172	4758	8273
349	3172	4759	444
349	3172	4759	8273
349	3172	4760	8276
349	3172	4760	8277
349	3172	4761	8279
349	3172	4761	8280
349	3172	4762	8282
349	3172	4762	8283
349	3172	4763	170
349	3172	4764	848
349	3172	4765	8285
349	3172	4766	8286
349	3172	4767	8285
349	3172	4768	8287
349	3172	4768	8288
349	3172	4769	433
349	3172	4771	8294
349	3172	4772	191
349	3172	4773	191
349	3172	4773	848
349	3172	4774	848
349	3172	4774	8295
349	3172	4775	848
349	3172	4775	8296
349	3172	4776	8285
349	3174	11	166
349	3174	11	167
349	3260	4860	8414
349	3260	4860	8415
349	3260	4861	8416
349	3260	4861	8417
349	3260	4862	8418
349	3260	4862	8419
349	3260	4863	8421
349	3260	4863	8422
349	3260	4864	8423
349	3260	4864	8424
349	3260	4865	8426
349	3260	4865	8427
349	3260	4866	8428
349	3260	4866	8429
