349	1	1	20	1	2
349	1	2	6	1	2
349	1	3	8	1	2
349	1	4	9	1	2
349	1	5	10	1	2
349	1	6	104	1	2
349	1	7	101	1	2
349	1	8	7	1	2
349	1	9	15	1	2
349	1	29	102	1	2
349	1	30	3	1	2
349	1	31	10	1	2
349	1	32	10	2	2
349	1	33	8	1	2
349	1	34	20	1	2
349	1	35	103	1	2
349	1	36	105	1	2
349	1	37	108	1	2
349	1	38	20	1	2
349	1	39	22	1	2
349	1	40	8	1	2
349	1	41	6	1	2
349	1	42	22	1	2
349	1	45	3	1	2
349	1	46	9	1	2
349	1	47	14	1	2
349	1	48	3	1	2
349	1	49	6	1	2
349	1	50	8	1	2
349	1	51	200	1	2
349	1	52	205	1	2
349	1	53	300	1	2
349	1	54	16	1	2
349	1	55	16	2	2
349	1	56	6	1	2
349	1	57	8	1	2
349	1	66	21	1	2
349	1	67	9	1	2
349	1	68	10	1	2
349	1	69	20	1	2
349	1	70	20	2	2
349	1	71	100	1	2
349	1	72	350	1	2
349	1	73	21	1	2
349	1	74	11	1	2
349	1	75	12	1	2
349	1	76	100	1	2
349	1	77	401	1	2
349	1	78	400	1	2
349	1	79	100	1	2
349	1	80	1	1	2
349	1	81	2	1	2
349	1	82	6	1	2
349	1	83	13	1	2
349	1	84	14	1	2
349	1	85	205	1	2
349	1	86	8	1	2
349	1	87	370	1	2
349	1	88	21	1	2
349	1	89	13	1	2
349	1	90	4	1	2
349	1	91	4	2	2
349	1	94	400	1	2
349	1	95	9	1	2
349	1	96	14	1	2
349	1	97	14	2	2
349	1	98	14	3	2
349	1	99	14	4	2
349	1	100	8	1	2
349	1	101	8	2	2
349	1	102	8	3	2
349	1	103	400	1	2
349	1	104	6	1	2
349	1	105	20	1	2
349	1	106	8	1	2
349	1	107	8	2	2
349	1	108	8	3	2
349	1	109	3	1	2
349	1	110	9	1	2
349	1	111	13	1	2
349	1	112	8	1	2
349	1	113	4	1	2
349	1	114	4	2	2
349	1	115	4	3	2
349	1	116	4	4	2
349	1	117	4	5	2
349	1	118	4	6	2
349	1	119	4	7	2
349	1	120	4	8	2
349	1	121	4	9	2
349	1	122	4	10	2
349	1	123	4	11	2
349	1	124	4	12	2
349	1	125	360	1	2
349	1	126	400	1	2
349	1	127	100	1	2
349	1	128	12	1	2
349	1	129	380	1	2
349	1	130	6	1	2
349	1	131	410	1	2
349	1	132	8	1	2
349	1	133	8	2	2
349	1	134	6	1	2
349	1	135	6	2	2
349	1	136	6	3	2
349	1	137	415	1	2
349	1	138	420	1	2
349	1	139	8	1	2
349	1	140	6	1	2
349	1	141	410	1	2
349	1	142	310	1	2
349	1	143	451	1	2
349	1	144	452	1	2
349	1	145	453	1	2
349	1	146	454	1	2
349	1	147	455	1	2
349	1	148	456	1	2
349	1	149	459	1	2
349	1	150	457	1	2
349	1	151	458	1	2
349	1	152	8	1	2
349	1	153	9020	1	2
349	1	154	9000	1	2
349	1	155	9010	1	2
349	1	156	460	1	2
349	1	157	461	1	2
349	1	158	462	1	2
349	1	159	420	1	2
349	1	160	500	1	2
349	3	398	1	1	2
349	3	432	2	1	2
349	60	660	1	1	2
349	140	740	3	1	2
349	140	752	6	1	2
349	140	753	1	1	2
349	140	754	7	1	2
349	140	801	1	1	2
349	140	802	2	1	2
349	140	803	1	1	2
349	140	804	9	1	2
349	140	805	8	1	2
349	140	806	4	1	2
349	140	807	5	1	2
349	140	808	12	1	2
349	140	809	12	2	2
349	140	810	12	3	2
349	140	811	12	4	2
349	140	812	12	5	2
349	140	813	12	6	2
349	140	814	12	7	2
349	140	815	13	1	2
349	140	816	13	2	2
349	140	817	13	3	2
349	140	818	13	4	2
349	140	819	13	5	2
349	140	820	13	6	2
349	140	821	14	1	2
349	140	822	12	1	2
349	140	823	10	1	2
349	140	824	10	2	2
349	140	825	11	1	2
349	140	826	10	1	2
349	140	827	10	2	2
349	144	1555	1	1	2
349	144	1556	2	1	2
349	144	1557	3	1	2
349	144	1558	4	1	2
349	144	1559	7	1	2
349	144	1560	9	1	2
349	144	1561	6	1	2
349	144	1562	8	1	2
349	144	1563	10	1	2
349	144	1564	5	1	2
349	144	1565	12	1	2
349	144	1566	11	1	2
349	144	1567	2	1	2
349	144	1568	4	1	2
349	144	1569	3	1	2
349	144	1570	4	1	2
349	144	1571	4	2	2
349	144	1572	13	1	2
349	144	1573	13	2	2
349	183	1555	1	1	2
349	183	1556	2	1	2
349	183	1557	3	1	2
349	183	1558	4	1	2
349	183	1559	7	1	2
349	183	1560	9	1	2
349	183	1561	6	1	2
349	183	1562	8	1	2
349	183	1563	10	1	2
349	183	1564	5	1	2
349	183	1565	12	1	2
349	183	1566	11	1	2
349	183	1567	2	1	2
349	183	1568	4	1	2
349	183	1569	3	1	2
349	183	1570	4	1	2
349	183	1571	4	2	2
349	183	1572	13	1	2
349	183	1573	13	2	2
349	183	1873	14	1	2
349	250	2123	1	1	2
349	255	2137	1	1	2
349	255	2138	2	1	2
349	264	2145	1	1	2
349	285	2196	1	1	2
349	287	2212	10	1	2
349	288	2212	10	1	2
349	289	2243	2	1	2
349	289	2341	1	1	2
349	289	2342	1	2	2
349	289	2343	1	3	2
349	289	2344	1	4	2
349	289	2345	1	5	2
349	289	2346	1	6	2
349	289	2390	1	1	2
349	289	2391	32	1	2
349	289	2392	1	1	2
349	294	2485	12	1	2
349	294	2486	5	1	2
349	294	2487	13	1	2
349	294	2488	14	1	2
349	294	2489	16	1	2
349	294	2490	17	1	2
349	294	2491	2	1	2
349	294	2492	1	1	2
349	294	2493	12	1	2
349	294	2494	12	2	2
349	294	2495	10	1	2
349	294	2496	16	1	2
349	294	2497	16	2	2
349	294	2498	17	1	2
349	294	2499	17	2	2
349	294	2500	12	1	2
349	357	2137	4	1	2
349	357	2138	5	1	2
349	357	3285	1	1	2
349	357	3286	2	1	2
349	357	3287	3	1	2
349	357	3288	0	1	2
349	357	3289	6	1	2
349	357	3290	7	1	2
349	357	3291	13	1	2
349	357	3292	12	1	2
349	357	3293	12	2	2
349	357	3294	12	3	2
349	357	3295	12	4	2
349	357	3296	12	5	2
349	357	3297	12	6	2
349	357	3298	12	7	2
349	357	3299	14	1	2
349	357	3300	11	1	2
349	359	2485	22	1	2
349	359	2487	23	1	2
349	359	2488	24	1	2
349	359	2490	28	1	2
349	359	2491	2	1	2
349	359	2493	22	1	2
349	359	2494	22	2	2
349	359	2495	21	1	2
349	359	2496	16	1	2
349	359	2497	16	2	2
349	359	2498	17	1	2
349	359	2499	17	2	2
349	359	2500	22	1	2
349	359	3302	11	1	2
349	359	3303	26	1	2
349	359	3304	27	1	2
349	359	3305	11	1	2
349	359	3306	11	2	2
349	359	3307	11	3	2
349	359	3308	11	4	2
349	359	3309	11	5	2
349	359	3310	11	6	2
349	359	3311	11	7	2
349	359	3312	11	8	2
349	359	3313	11	9	2
349	359	3314	11	10	2
349	359	3315	11	11	2
349	359	3316	11	12	2
349	359	3317	11	13	2
349	359	3318	11	14	2
349	359	3319	11	15	2
349	359	3320	11	16	2
349	359	3321	1	1	2
349	382	2485	12	1	2
349	382	2487	13	1	2
349	382	2488	14	1	2
349	382	2490	17	1	2
349	382	2491	2	1	2
349	382	2493	12	1	2
349	382	2494	12	2	2
349	382	2495	10	1	2
349	382	2496	15	1	2
349	382	2497	15	2	2
349	382	2498	15	3	2
349	382	2499	15	4	2
349	382	2500	12	1	2
349	382	3347	5	1	2
349	382	3348	16	1	2
349	382	3349	1	1	2
349	406	2485	12	1	2
349	406	2487	13	1	2
349	406	2488	14	1	2
349	406	2490	17	1	2
349	406	2491	2	1	2
349	406	2493	12	1	2
349	406	2495	10	1	2
349	406	2496	15	1	2
349	406	2497	15	2	2
349	406	2498	15	3	2
349	406	2499	15	4	2
349	406	2500	12	1	2
349	406	3377	5	1	2
349	406	3378	16	1	2
349	406	3379	1	1	2
349	428	2485	12	1	2
349	428	2487	13	1	2
349	428	2490	17	1	2
349	428	2491	2	1	2
349	428	2493	12	1	2
349	428	3404	11	1	2
349	428	3405	1	1	2
349	455	2485	12	1	2
349	455	2487	13	1	2
349	455	2488	14	1	2
349	455	2490	17	1	2
349	455	2491	2	1	2
349	455	2493	12	1	2
349	455	2494	12	2	2
349	455	2495	10	1	2
349	455	2496	15	1	2
349	455	2497	15	2	2
349	455	2498	15	3	2
349	455	2499	15	4	2
349	455	2500	12	1	2
349	455	3439	5	1	2
349	455	3440	16	1	2
349	455	3441	1	1	2
349	476	2485	22	1	2
349	476	2487	23	1	2
349	476	2488	24	1	2
349	476	2490	28	1	2
349	476	2491	2	1	2
349	476	2493	22	1	2
349	476	2494	22	2	2
349	476	2495	21	1	2
349	476	2496	16	1	2
349	476	2497	16	2	2
349	476	2498	17	1	2
349	476	2499	17	2	2
349	476	2500	22	1	2
349	476	3305	11	2	2
349	476	3306	11	3	2
349	476	3307	11	4	2
349	476	3308	11	5	2
349	476	3309	11	6	2
349	476	3310	11	7	2
349	476	3311	11	8	2
349	476	3312	11	9	2
349	476	3313	11	10	2
349	476	3314	11	11	2
349	476	3315	11	12	2
349	476	3316	11	13	2
349	476	3317	11	14	2
349	476	3318	11	15	2
349	476	3319	11	16	2
349	476	3320	11	17	2
349	476	3467	26	1	2
349	476	3468	11	1	2
349	476	3469	1	1	2
349	499	2485	12	1	2
349	499	2487	13	1	2
349	499	2488	14	1	2
349	499	2490	17	1	2
349	499	2491	2	1	2
349	499	2493	12	1	2
349	499	2494	12	2	2
349	499	2495	10	1	2
349	499	2496	16	1	2
349	499	2497	16	2	2
349	499	2498	17	1	2
349	499	2499	17	2	2
349	499	2500	12	1	2
349	499	3504	5	1	2
349	499	3505	16	1	2
349	499	3506	18	1	2
349	499	3507	1	1	2
349	499	3508	3	1	2
349	520	3285	2	1	2
349	520	3286	2	2	2
349	520	3287	3	1	2
349	520	3288	4	1	2
349	520	3291	13	1	2
349	520	3292	12	1	2
349	520	3293	12	2	2
349	520	3294	12	3	2
349	520	3295	12	4	2
349	520	3296	12	5	2
349	520	3297	12	6	2
349	520	3298	12	7	2
349	520	3532	3	1	2
349	520	3533	11	1	2
349	520	3534	1	1	2
349	526	2485	22	1	2
349	526	2487	23	1	2
349	526	2488	24	1	2
349	526	2491	2	1	2
349	526	2493	22	1	2
349	526	2494	22	2	2
349	526	2495	25	1	2
349	526	2500	22	1	2
349	526	3467	26	1	2
349	526	3469	1	1	2
349	526	3540	11	1	2
349	531	2485	12	1	2
349	531	2487	13	1	2
349	531	2488	14	1	2
349	531	2490	17	1	2
349	531	2491	2	1	2
349	531	2493	12	1	2
349	531	2494	12	2	2
349	531	2495	10	1	2
349	531	2500	12	1	2
349	531	3548	5	1	2
349	531	3549	16	1	2
349	531	3550	1	1	2
349	547	2485	12	1	2
349	547	2487	13	1	2
349	547	2488	14	1	2
349	547	2490	17	1	2
349	547	2491	2	1	2
349	547	2493	12	1	2
349	547	2494	12	2	2
349	547	2495	10	1	2
349	547	2496	16	1	2
349	547	2497	16	2	2
349	547	2498	17	1	2
349	547	2499	17	2	2
349	547	2500	12	1	2
349	547	3568	5	1	2
349	547	3569	16	1	2
349	547	3570	1	1	2
349	569	2485	22	1	2
349	569	2487	23	1	2
349	569	2488	24	1	2
349	569	2490	28	1	2
349	569	2491	2	1	2
349	569	2493	22	1	2
349	569	2494	22	2	2
349	569	2495	21	1	2
349	569	2496	16	1	2
349	569	2497	16	2	2
349	569	2498	17	1	2
349	569	2499	17	2	2
349	569	2500	22	1	2
349	569	3595	26	1	2
349	569	3596	11	1	2
349	569	3597	1	1	2
349	590	2485	22	1	2
349	590	2487	23	1	2
349	590	2488	24	1	2
349	590	2490	27	1	2
349	590	2491	2	1	2
349	590	2493	22	1	2
349	590	2494	22	2	2
349	590	2495	21	1	2
349	590	2496	16	1	2
349	590	2497	16	2	2
349	590	2498	17	1	2
349	590	2499	17	2	2
349	590	2500	22	1	2
349	590	3623	1	1	2
349	590	3624	11	1	2
349	590	3625	26	1	2
349	590	3626	28	1	2
349	590	3627	15	1	2
349	590	3628	15	2	2
349	590	3629	15	3	2
349	590	3630	15	4	2
349	590	3631	15	5	2
349	590	3632	15	6	2
349	590	3633	15	7	2
349	590	3634	15	8	2
349	590	3635	15	9	2
349	590	3636	16	1	2
349	590	3637	16	2	2
349	590	3638	16	3	2
349	590	3639	16	4	2
349	590	3640	16	5	2
349	590	3641	16	6	2
349	590	3642	16	7	2
349	611	2485	22	1	2
349	611	2487	23	1	2
349	611	2488	24	1	2
349	611	2490	28	1	2
349	611	2491	2	1	2
349	611	2493	22	1	2
349	611	2494	22	2	2
349	611	2495	21	1	2
349	611	2496	16	1	2
349	611	2497	16	2	2
349	611	2498	17	1	2
349	611	2499	17	2	2
349	611	2500	22	1	2
349	611	3666	1	1	2
349	611	3667	11	1	2
349	611	3668	26	1	2
349	632	2485	22	1	2
349	632	2487	23	1	2
349	632	2488	24	1	2
349	632	2490	27	1	2
349	632	2491	2	1	2
349	632	2493	22	1	2
349	632	2494	22	2	2
349	632	2495	21	1	2
349	632	2496	17	1	2
349	632	2497	17	2	2
349	632	2498	17	3	2
349	632	2499	17	4	2
349	632	2500	22	1	2
349	632	3692	1	1	2
349	632	3693	11	1	2
349	632	3694	26	1	2
349	632	3695	15	1	2
349	632	3696	15	2	2
349	632	3697	15	3	2
349	632	3698	15	4	2
349	632	3699	15	5	2
349	632	3700	15	6	2
349	632	3701	15	7	2
349	632	3702	15	8	2
349	632	3703	15	9	2
349	632	3704	16	1	2
349	632	3705	16	2	2
349	632	3706	16	3	2
349	632	3707	16	4	2
349	632	3708	16	5	2
349	632	3709	16	6	2
349	632	3710	16	7	2
349	655	2485	22	1	2
349	655	2487	23	1	2
349	655	2488	24	1	2
349	655	2490	28	1	2
349	655	2491	2	1	2
349	655	2493	22	1	2
349	655	2494	22	2	2
349	655	2495	10	1	2
349	655	2496	15	1	2
349	655	2497	15	2	2
349	655	2498	15	3	2
349	655	2499	15	4	2
349	655	2500	22	1	2
349	655	3737	1	1	2
349	655	3738	5	1	2
349	655	3739	26	1	2
349	686	2485	22	1	2
349	686	2487	23	1	2
349	686	2488	24	1	2
349	686	2490	27	1	2
349	686	2491	2	1	2
349	686	2493	22	1	2
349	686	2494	22	2	2
349	686	2495	21	1	2
349	686	2496	16	1	2
349	686	2497	16	2	2
349	686	2498	17	1	2
349	686	2499	17	2	2
349	686	2500	22	1	2
349	686	3773	1	1	2
349	686	3774	26	1	2
349	686	3775	11	1	2
349	686	3776	15	1	2
349	686	3777	15	2	2
349	686	3778	15	3	2
349	686	3779	15	4	2
349	686	3780	15	5	2
349	686	3781	15	6	2
349	686	3782	15	7	2
349	686	3783	15	8	2
349	686	3784	15	9	2
349	686	3785	16	1	2
349	686	3786	16	2	2
349	686	3787	16	3	2
349	686	3788	16	4	2
349	686	3789	16	5	2
349	686	3790	16	6	2
349	686	3791	16	7	2
349	707	2485	22	1	2
349	707	2487	23	1	2
349	707	2488	24	1	2
349	707	2490	27	1	2
349	707	2491	2	1	2
349	707	2493	22	1	2
349	707	2494	22	2	2
349	707	2495	21	1	2
349	707	3815	1	1	2
349	707	3816	26	1	2
349	707	3817	11	1	2
349	707	3818	15	1	2
349	707	3819	15	2	2
349	707	3820	15	3	2
349	707	3821	15	4	2
349	707	3822	15	5	2
349	707	3823	15	6	2
349	707	3824	15	7	2
349	707	3825	15	8	2
349	707	3826	15	9	2
349	707	3827	16	1	2
349	707	3828	16	2	2
349	707	3829	16	3	2
349	707	3830	16	4	2
349	707	3831	16	5	2
349	707	3832	16	6	2
349	707	3833	16	7	2
349	735	2485	22	1	2
349	735	2487	23	1	2
349	735	2488	24	1	2
349	735	2490	28	1	2
349	735	2491	2	1	2
349	735	2493	22	1	2
349	735	2494	22	2	2
349	735	2500	22	1	2
349	735	3865	26	1	2
349	735	3866	1	1	2
349	735	3867	3	1	2
349	735	3868	15	1	2
349	735	3869	22	1	2
349	735	3870	22	2	2
349	735	3871	11	1	2
349	735	3872	11	2	2
349	735	3873	11	3	2
349	735	3874	11	4	2
349	735	3875	11	5	2
349	735	3876	11	6	2
349	735	3877	11	7	2
349	735	3878	11	8	2
349	735	3879	11	9	2
349	735	3880	11	10	2
349	735	3881	11	11	2
349	735	3882	11	12	2
349	735	3883	11	13	2
349	735	3884	11	14	2
349	735	3885	11	15	2
349	735	3886	11	16	2
349	735	3887	12	1	2
349	735	3888	16	1	2
349	735	3889	16	2	2
349	735	3890	17	1	2
349	735	3891	17	2	2
349	735	3892	30	1	2
349	769	3291	3	1	2
349	769	4280	1	1	2
349	769	4281	2	1	2
349	769	4282	2	2	2
349	769	4283	2	3	2
349	769	4284	2	4	2
349	769	4285	2	5	2
349	769	4286	2	6	2
349	769	4287	2	7	2
349	769	4288	0	1	2
349	772	2485	22	1	2
349	772	2487	23	1	2
349	772	2488	24	1	2
349	772	2490	27	1	2
349	772	2491	2	1	2
349	772	2493	22	1	2
349	772	2494	22	2	2
349	772	2495	21	1	2
349	772	2496	17	1	2
349	772	2497	17	2	2
349	772	2498	17	3	2
349	772	2499	17	4	2
349	772	4290	26	1	2
349	772	4291	11	1	2
349	772	4292	15	1	2
349	772	4293	15	2	2
349	772	4294	15	3	2
349	772	4295	15	4	2
349	772	4296	15	5	2
349	772	4297	15	6	2
349	772	4298	15	7	2
349	772	4299	15	8	2
349	772	4300	15	9	2
349	772	4301	16	1	2
349	772	4302	16	2	2
349	772	4303	16	3	2
349	772	4304	16	4	2
349	772	4305	16	5	2
349	772	4306	16	6	2
349	772	4307	16	7	2
349	772	4308	1	1	2
349	818	2485	22	1	2
349	818	2487	23	1	2
349	818	2488	24	1	2
349	818	2489	26	1	2
349	818	2490	28	1	2
349	818	2491	2	1	2
349	818	2492	1	1	2
349	818	2493	22	1	2
349	818	2494	22	2	2
349	818	2500	22	1	2
349	818	3868	15	1	2
349	818	3869	22	1	2
349	818	3870	22	2	2
349	818	3887	12	1	2
349	818	3888	16	1	2
349	818	3889	16	2	2
349	818	3890	17	1	2
349	818	3891	17	2	2
349	818	3892	30	1	2
349	818	4346	3	1	2
349	818	4347	11	1	2
349	818	4348	11	2	2
349	818	4349	11	3	2
349	818	4350	11	4	2
349	818	4351	11	5	2
349	818	4352	11	6	2
349	818	4353	11	7	2
349	818	4354	11	8	2
349	818	4355	11	9	2
349	818	4356	11	10	2
349	818	4357	11	11	2
349	818	4358	11	12	2
349	818	4359	11	13	2
349	818	4360	11	14	2
349	818	4361	11	15	2
349	818	4362	11	16	2
349	821	2485	22	1	2
349	821	2487	23	1	2
349	821	2488	24	1	2
349	821	2490	28	1	2
349	821	2491	2	1	2
349	821	2493	22	1	2
349	821	2494	22	2	2
349	821	2500	22	1	2
349	821	3505	26	1	2
349	821	3506	29	1	2
349	821	3507	1	1	2
349	821	3508	4	1	2
349	821	3868	15	1	2
349	821	3869	22	1	2
349	821	3870	22	2	2
349	821	3887	12	1	2
349	821	3888	16	1	2
349	821	3889	16	2	2
349	821	3890	17	1	2
349	821	3891	17	2	2
349	821	3892	30	1	2
349	821	4347	11	1	2
349	821	4348	11	2	2
349	821	4349	11	3	2
349	821	4350	11	4	2
349	821	4351	11	5	2
349	821	4352	11	6	2
349	821	4353	11	7	2
349	821	4354	11	8	2
349	821	4355	11	9	2
349	821	4356	11	10	2
349	821	4357	11	11	2
349	821	4358	11	12	2
349	821	4359	11	13	2
349	821	4360	11	14	2
349	821	4361	11	15	2
349	821	4362	11	16	2
349	821	4367	3	1	2
349	822	2485	22	1	2
349	822	2487	23	1	2
349	822	2488	24	1	2
349	822	2490	28	1	2
349	822	2491	2	1	2
349	822	2493	22	1	2
349	822	2494	22	2	2
349	822	2500	22	1	2
349	822	3569	26	1	2
349	822	3570	1	1	2
349	822	3868	15	1	2
349	822	3869	22	1	2
349	822	3870	22	2	2
349	822	3887	12	1	2
349	822	3888	16	1	2
349	822	3889	16	2	2
349	822	3890	17	1	2
349	822	3891	17	2	2
349	822	3892	30	1	2
349	822	4347	11	1	2
349	822	4348	11	2	2
349	822	4349	11	3	2
349	822	4350	11	4	2
349	822	4351	11	5	2
349	822	4352	11	6	2
349	822	4353	11	7	2
349	822	4354	11	8	2
349	822	4355	11	9	2
349	822	4356	11	10	2
349	822	4357	11	11	2
349	822	4358	11	12	2
349	822	4359	11	13	2
349	822	4360	11	14	2
349	822	4361	11	15	2
349	822	4362	11	16	2
349	822	4369	3	1	2
349	823	2485	22	1	2
349	823	2487	23	1	2
349	823	2488	24	1	2
349	823	2490	28	1	2
349	823	2491	2	1	2
349	823	2493	22	1	2
349	823	2494	22	2	2
349	823	2500	22	1	2
349	823	3623	1	1	2
349	823	3625	26	1	2
349	823	3868	15	1	2
349	823	3869	22	1	2
349	823	3870	22	2	2
349	823	3887	12	1	2
349	823	3888	16	1	2
349	823	3889	16	2	2
349	823	3890	17	1	2
349	823	3891	17	2	2
349	823	3892	30	1	2
349	823	4347	11	1	2
349	823	4348	11	2	2
349	823	4349	11	3	2
349	823	4350	11	4	2
349	823	4351	11	5	2
349	823	4352	11	6	2
349	823	4353	11	7	2
349	823	4354	11	8	2
349	823	4355	11	9	2
349	823	4356	11	10	2
349	823	4357	11	11	2
349	823	4358	11	12	2
349	823	4359	11	13	2
349	823	4360	11	14	2
349	823	4361	11	15	2
349	823	4362	11	16	2
349	823	4371	3	1	2
349	824	2485	22	1	2
349	824	2487	23	1	2
349	824	2488	24	1	2
349	824	2490	28	1	2
349	824	2491	2	1	2
349	824	2493	22	1	2
349	824	2494	22	2	2
349	824	2500	22	1	2
349	824	3773	1	1	2
349	824	3774	26	1	2
349	824	3868	15	1	2
349	824	3869	22	1	2
349	824	3870	22	2	2
349	824	3887	12	1	2
349	824	3888	16	1	2
349	824	3889	16	2	2
349	824	3890	17	1	2
349	824	3891	17	2	2
349	824	3892	30	1	2
349	824	4347	11	1	2
349	824	4348	11	2	2
349	824	4349	11	3	2
349	824	4350	11	4	2
349	824	4351	11	5	2
349	824	4352	11	6	2
349	824	4353	11	7	2
349	824	4354	11	8	2
349	824	4355	11	9	2
349	824	4356	11	10	2
349	824	4357	11	11	2
349	824	4358	11	12	2
349	824	4359	11	13	2
349	824	4360	11	14	2
349	824	4361	11	15	2
349	824	4362	11	16	2
349	824	4373	3	1	2
349	825	2485	22	1	2
349	825	2487	23	1	2
349	825	2488	24	1	2
349	825	2490	28	1	2
349	825	2491	2	1	2
349	825	2493	22	1	2
349	825	2494	22	2	2
349	825	2500	22	1	2
349	825	3348	26	1	2
349	825	3349	1	1	2
349	825	3868	15	1	2
349	825	3869	22	1	2
349	825	3870	22	2	2
349	825	3887	12	1	2
349	825	3888	16	1	2
349	825	3889	16	2	2
349	825	3890	17	1	2
349	825	3891	17	2	2
349	825	3892	30	1	2
349	825	4375	3	1	2
349	825	4376	11	1	2
349	825	4377	11	2	2
349	825	4378	11	3	2
349	825	4379	11	4	2
349	825	4380	11	5	2
349	825	4381	11	6	2
349	825	4382	11	7	2
349	825	4383	11	8	2
349	825	4384	11	9	2
349	825	4385	11	10	2
349	825	4386	11	11	2
349	825	4387	11	12	2
349	825	4388	11	13	2
349	825	4389	11	14	2
349	825	4390	11	15	2
349	825	4391	11	16	2
349	827	2485	22	1	2
349	827	2487	23	1	2
349	827	2488	24	1	2
349	827	2490	28	1	2
349	827	2491	2	1	2
349	827	2493	22	1	2
349	827	2494	22	2	2
349	827	2500	22	1	2
349	827	3692	1	1	2
349	827	3694	26	1	2
349	827	3868	15	1	2
349	827	3869	22	1	2
349	827	3870	22	2	2
349	827	3887	12	1	2
349	827	3888	16	1	2
349	827	3889	16	2	2
349	827	3890	17	1	2
349	827	3891	17	2	2
349	827	3892	30	1	2
349	827	4376	11	1	2
349	827	4377	11	2	2
349	827	4378	11	3	2
349	827	4379	11	4	2
349	827	4380	11	5	2
349	827	4381	11	6	2
349	827	4382	11	7	2
349	827	4383	11	8	2
349	827	4384	11	9	2
349	827	4385	11	10	2
349	827	4386	11	11	2
349	827	4387	11	12	2
349	827	4388	11	13	2
349	827	4389	11	14	2
349	827	4390	11	15	2
349	827	4391	11	16	2
349	827	4394	3	1	2
349	828	2485	22	1	2
349	828	2487	23	1	2
349	828	2488	24	1	2
349	828	2490	28	1	2
349	828	2491	2	1	2
349	828	2493	22	1	2
349	828	2494	22	2	2
349	828	2500	22	1	2
349	828	3440	26	1	2
349	828	3441	1	1	2
349	828	3868	15	1	2
349	828	3869	22	1	2
349	828	3870	22	2	2
349	828	3888	16	1	2
349	828	3889	16	2	2
349	828	3890	17	1	2
349	828	3891	17	2	2
349	828	3892	30	1	2
349	828	4396	5	1	2
349	828	4397	11	1	2
349	828	4398	11	2	2
349	828	4399	11	3	2
349	828	4400	11	4	2
349	828	4401	11	5	2
349	828	4402	11	6	2
349	828	4403	11	7	2
349	828	4404	11	8	2
349	828	4405	11	9	2
349	828	4406	11	10	2
349	828	4407	11	11	2
349	828	4408	11	12	2
349	828	4409	11	13	2
349	828	4410	11	14	2
349	828	4411	11	15	2
349	828	4412	11	16	2
349	829	2485	22	1	2
349	829	2487	23	1	2
349	829	2488	24	1	2
349	829	2490	28	1	2
349	829	2491	2	1	2
349	829	2493	22	1	2
349	829	2494	22	2	2
349	829	2500	22	1	2
349	829	3467	26	1	2
349	829	3469	1	1	2
349	829	3868	15	1	2
349	829	3869	22	1	2
349	829	3870	22	2	2
349	829	3871	11	1	2
349	829	3872	11	2	2
349	829	3873	11	3	2
349	829	3874	11	4	2
349	829	3875	11	5	2
349	829	3876	11	6	2
349	829	3877	11	7	2
349	829	3878	11	8	2
349	829	3879	11	9	2
349	829	3880	11	10	2
349	829	3881	11	11	2
349	829	3882	11	12	2
349	829	3883	11	13	2
349	829	3884	11	14	2
349	829	3885	11	15	2
349	829	3886	11	16	2
349	829	3887	12	1	2
349	829	3888	16	1	2
349	829	3889	16	2	2
349	829	3890	17	1	2
349	829	3891	17	2	2
349	829	3892	30	1	2
349	829	4414	3	1	2
349	830	2485	22	1	2
349	830	2487	23	1	2
349	830	2488	24	1	2
349	830	2490	28	1	2
349	830	2491	2	1	2
349	830	2493	22	1	2
349	830	2494	22	2	2
349	830	2500	22	1	2
349	830	3595	26	1	2
349	830	3597	1	1	2
349	830	3868	15	1	2
349	830	3869	22	1	2
349	830	3870	22	2	2
349	830	3871	11	1	2
349	830	3872	11	2	2
349	830	3873	11	3	2
349	830	3874	11	4	2
349	830	3875	11	5	2
349	830	3876	11	6	2
349	830	3877	11	7	2
349	830	3878	11	8	2
349	830	3879	11	9	2
349	830	3880	11	10	2
349	830	3881	11	11	2
349	830	3882	11	12	2
349	830	3883	11	13	2
349	830	3884	11	14	2
349	830	3885	11	15	2
349	830	3886	11	16	2
349	830	3887	12	1	2
349	830	3888	16	1	2
349	830	3889	16	2	2
349	830	3890	17	1	2
349	830	3891	17	2	2
349	830	3892	30	1	2
349	830	4416	3	1	2
349	831	2485	22	1	2
349	831	2487	23	1	2
349	831	2488	24	1	2
349	831	2490	28	1	2
349	831	2491	2	1	2
349	831	2493	22	1	2
349	831	2494	22	2	2
349	831	2500	22	1	2
349	831	3666	1	1	2
349	831	3668	26	1	2
349	831	3868	15	1	2
349	831	3869	22	1	2
349	831	3870	22	2	2
349	831	3871	11	1	2
349	831	3872	11	2	2
349	831	3873	11	3	2
349	831	3874	11	4	2
349	831	3875	11	5	2
349	831	3876	11	6	2
349	831	3877	11	7	2
349	831	3878	11	8	2
349	831	3879	11	9	2
349	831	3880	11	10	2
349	831	3881	11	11	2
349	831	3882	11	12	2
349	831	3883	11	13	2
349	831	3884	11	14	2
349	831	3885	11	15	2
349	831	3886	11	16	2
349	831	3887	12	1	2
349	831	3888	16	1	2
349	831	3889	16	2	2
349	831	3890	17	1	2
349	831	3891	17	2	2
349	831	3892	30	1	2
349	831	4418	3	1	2
349	832	2485	22	1	2
349	832	2487	23	1	2
349	832	2488	24	1	2
349	832	2490	28	1	2
349	832	2491	2	1	2
349	832	2493	22	1	2
349	832	2494	22	2	2
349	832	2500	22	1	2
349	832	3868	15	1	2
349	832	3869	22	1	2
349	832	3870	22	1	2
349	832	3888	16	1	2
349	832	3889	16	2	2
349	832	3890	17	1	2
349	832	3891	17	2	2
349	832	3892	30	1	2
349	832	4290	26	1	2
349	832	4420	1	1	2
349	832	4421	3	1	2
349	832	4422	11	1	2
349	832	4423	11	2	2
349	832	4424	11	3	2
349	832	4425	11	4	2
349	832	4426	11	5	2
349	832	4427	11	6	2
349	832	4428	11	7	2
349	832	4429	11	8	2
349	832	4430	11	9	2
349	832	4431	11	10	2
349	832	4432	11	11	2
349	832	4433	11	12	2
349	832	4434	11	13	2
349	832	4435	11	14	2
349	832	4436	11	15	2
349	832	4437	11	16	2
349	832	4438	12	1	2
349	833	2485	22	1	2
349	833	2487	23	1	2
349	833	2488	24	1	2
349	833	2490	27	1	2
349	833	2491	2	1	2
349	833	2493	22	1	2
349	833	2494	22	2	2
349	833	2495	21	1	2
349	833	2496	17	1	2
349	833	2497	17	2	2
349	833	2498	17	3	2
349	833	2499	17	4	2
349	833	2500	22	1	2
349	833	4440	1	1	2
349	833	4441	11	1	2
349	833	4442	15	1	2
349	833	4443	15	2	2
349	833	4444	15	3	2
349	833	4445	15	4	2
349	833	4446	15	5	2
349	833	4447	15	6	2
349	833	4448	15	7	2
349	833	4449	15	8	2
349	833	4450	15	9	2
349	833	4451	16	1	2
349	833	4452	16	2	2
349	833	4453	16	3	2
349	833	4454	16	4	2
349	833	4455	16	5	2
349	833	4456	16	6	2
349	833	4457	16	7	2
349	833	4458	26	1	2
349	854	2485	22	1	2
349	854	2487	23	1	2
349	854	2488	24	1	2
349	854	2490	28	1	2
349	854	2491	2	1	2
349	854	2493	22	1	2
349	854	2494	22	2	2
349	854	2500	22	1	2
349	854	3868	15	1	2
349	854	3869	22	1	2
349	854	3870	22	2	2
349	854	3887	12	1	2
349	854	3888	16	1	2
349	854	3889	16	2	2
349	854	3890	17	1	2
349	854	3891	17	2	2
349	854	3892	30	1	2
349	854	4376	11	1	2
349	854	4377	11	2	2
349	854	4378	11	3	2
349	854	4379	11	4	2
349	854	4380	11	5	2
349	854	4381	11	6	2
349	854	4382	11	7	2
349	854	4383	11	8	2
349	854	4384	11	9	2
349	854	4385	11	10	2
349	854	4386	11	11	2
349	854	4387	11	12	2
349	854	4388	11	13	2
349	854	4389	11	14	2
349	854	4390	11	15	2
349	854	4391	11	16	2
349	854	4440	1	1	2
349	854	4458	26	1	2
349	854	4482	3	1	2
349	855	2485	22	1	2
349	855	2487	23	1	2
349	855	2488	24	1	2
349	855	2490	27	1	2
349	855	2491	2	1	2
349	855	2493	22	1	2
349	855	2494	22	2	2
349	855	2495	21	1	2
349	855	2496	16	1	2
349	855	2497	16	2	2
349	855	2498	17	1	2
349	855	2499	17	2	2
349	855	2500	22	1	2
349	855	4484	1	1	2
349	855	4485	26	1	2
349	855	4486	11	1	2
349	855	4487	15	1	2
349	855	4488	15	2	2
349	855	4489	15	3	2
349	855	4490	15	4	2
349	855	4491	15	5	2
349	855	4492	15	6	2
349	855	4493	15	7	2
349	855	4494	15	8	2
349	855	4495	15	9	2
349	855	4496	16	1	2
349	855	4497	16	2	2
349	855	4498	16	3	2
349	855	4499	16	4	2
349	855	4500	16	5	2
349	855	4501	16	6	2
349	855	4502	16	7	2
349	855	4503	28	1	2
349	855	4504	5	1	2
349	876	2485	22	1	2
349	876	2487	23	1	2
349	876	2488	24	1	2
349	876	2490	28	1	2
349	876	2491	2	1	2
349	876	2493	22	1	2
349	876	2494	22	2	2
349	876	2500	22	1	2
349	876	3868	15	1	2
349	876	3869	22	1	2
349	876	3870	22	2	2
349	876	3887	12	1	2
349	876	3888	16	1	2
349	876	3889	16	2	2
349	876	3890	17	1	2
349	876	3891	17	2	2
349	876	3892	30	1	2
349	876	4347	11	1	2
349	876	4348	11	2	2
349	876	4349	11	3	2
349	876	4350	11	4	2
349	876	4351	11	5	2
349	876	4352	11	6	2
349	876	4353	11	7	2
349	876	4354	11	8	2
349	876	4355	11	9	2
349	876	4356	11	10	2
349	876	4357	11	11	2
349	876	4358	11	12	2
349	876	4359	11	13	2
349	876	4360	11	14	2
349	876	4361	11	15	2
349	876	4362	11	16	2
349	876	4484	1	1	2
349	876	4485	26	1	2
349	876	4504	5	1	2
349	876	4528	10	1	2
349	877	2485	22	1	2
349	877	2487	23	1	2
349	877	2488	24	1	2
349	877	2490	28	1	2
349	877	2491	2	1	2
349	877	2493	22	1	2
349	877	2494	22	2	2
349	877	2500	22	1	2
349	877	3868	15	1	2
349	877	3869	22	1	2
349	877	3870	22	2	2
349	877	3871	11	1	2
349	877	3872	11	2	2
349	877	3873	11	3	2
349	877	3874	11	4	2
349	877	3875	11	5	2
349	877	3876	11	6	2
349	877	3877	11	7	2
349	877	3878	11	8	2
349	877	3879	11	9	2
349	877	3880	11	10	2
349	877	3881	11	11	2
349	877	3882	11	12	2
349	877	3883	11	13	2
349	877	3884	11	14	2
349	877	3885	11	15	2
349	877	3886	11	16	2
349	877	3887	12	1	2
349	877	3888	16	1	2
349	877	3889	16	2	2
349	877	3890	17	1	2
349	877	3891	17	2	2
349	877	3892	30	1	2
349	877	4530	1	1	2
349	877	4531	26	1	2
349	877	4532	3	1	2
349	899	2485	22	1	2
349	899	2487	23	1	2
349	899	2488	24	1	2
349	899	2490	28	1	2
349	899	2491	2	1	2
349	899	2493	22	1	2
349	899	2494	22	2	2
349	899	2500	22	1	2
349	899	3868	15	1	2
349	899	3869	22	1	2
349	899	3870	22	2	2
349	899	3871	11	1	2
349	899	3872	11	2	2
349	899	3873	11	3	2
349	899	3874	11	4	2
349	899	3875	11	5	2
349	899	3876	11	6	2
349	899	3877	11	7	2
349	899	3878	11	8	2
349	899	3879	11	9	2
349	899	3880	11	10	2
349	899	3881	11	11	2
349	899	3882	11	12	2
349	899	3883	11	13	2
349	899	3884	11	14	2
349	899	3885	11	15	2
349	899	3886	11	16	2
349	899	3887	12	1	2
349	899	3888	16	1	2
349	899	3889	16	2	2
349	899	3890	17	1	2
349	899	3891	17	2	2
349	899	3892	30	1	2
349	899	4557	1	1	2
349	899	4558	26	1	2
349	899	4559	3	1	2
349	920	2485	22	1	2
349	920	2487	23	1	2
349	920	2488	24	1	2
349	920	2490	28	1	2
349	920	2491	2	1	2
349	920	2493	22	1	2
349	920	2494	22	2	2
349	920	2495	21	1	2
349	920	2496	16	1	2
349	920	2497	16	2	2
349	920	2498	17	1	2
349	920	2499	17	2	2
349	920	2500	22	1	2
349	920	4530	1	1	2
349	920	4531	26	1	2
349	920	4582	11	1	2
349	921	2485	22	1	2
349	921	2487	23	1	2
349	921	2488	24	1	2
349	921	2490	28	1	2
349	921	2491	2	1	2
349	921	2493	22	1	2
349	921	2494	22	2	2
349	921	2495	21	1	2
349	921	2496	16	1	2
349	921	2497	16	2	2
349	921	2498	17	1	2
349	921	2499	17	2	2
349	921	2500	22	1	2
349	921	4557	1	1	2
349	921	4558	26	1	2
349	921	4585	11	1	2
349	922	2485	22	1	2
349	922	2487	23	1	2
349	922	2488	24	1	2
349	922	2490	28	1	2
349	922	2491	2	1	2
349	922	2493	22	1	2
349	922	2494	22	2	2
349	922	2495	21	1	2
349	922	2496	16	1	2
349	922	2497	16	2	2
349	922	2498	17	1	2
349	922	2499	17	2	2
349	922	2500	22	1	2
349	922	3865	26	1	2
349	922	3866	1	1	2
349	922	4587	11	1	2
349	924	2485	22	1	2
349	924	2487	23	1	2
349	924	2488	24	1	2
349	924	2490	28	1	2
349	924	2491	2	1	2
349	924	2493	22	1	2
349	924	2494	22	2	2
349	924	2495	21	1	2
349	924	2496	16	1	2
349	924	2497	16	2	2
349	924	2498	17	1	2
349	924	2499	17	2	2
349	924	2500	22	1	2
349	924	4590	1	1	2
349	924	4591	11	1	2
349	924	4592	26	1	2
349	945	2485	22	1	2
349	945	2487	23	1	2
349	945	2488	24	1	2
349	945	2490	28	1	2
349	945	2491	2	1	2
349	945	2493	22	1	2
349	945	2494	22	2	2
349	945	2500	22	1	2
349	945	3868	15	1	2
349	945	3869	22	1	2
349	945	3870	22	2	2
349	945	3871	11	1	2
349	945	3872	11	2	2
349	945	3873	11	3	2
349	945	3874	11	4	2
349	945	3875	11	5	2
349	945	3876	11	6	2
349	945	3877	11	7	2
349	945	3878	11	8	2
349	945	3879	11	9	2
349	945	3880	11	10	2
349	945	3881	11	11	2
349	945	3882	11	12	2
349	945	3883	11	13	2
349	945	3884	11	14	2
349	945	3885	11	15	2
349	945	3886	11	16	2
349	945	3887	12	1	2
349	945	3888	16	1	2
349	945	3889	16	2	2
349	945	3890	17	1	2
349	945	3891	17	2	2
349	945	3892	30	1	2
349	945	4590	1	1	2
349	945	4592	26	1	2
349	945	4615	3	1	2
349	947	2485	22	1	2
349	947	2487	23	1	2
349	947	2488	24	1	2
349	947	2490	27	1	2
349	947	2491	2	1	2
349	947	2493	22	1	2
349	947	2495	21	1	2
349	947	2496	16	1	2
349	947	2497	16	2	2
349	947	2498	17	1	2
349	947	2499	17	2	2
349	947	2500	22	1	2
349	947	4619	1	1	2
349	947	4620	11	1	2
349	947	4621	13	1	2
349	947	4622	13	2	2
349	947	4623	13	3	2
349	947	4624	13	4	2
349	947	4625	13	5	2
349	947	4626	13	6	2
349	947	4627	13	7	2
349	947	4628	13	8	2
349	947	4629	13	9	2
349	947	4630	14	1	2
349	947	4631	14	2	2
349	947	4632	14	3	2
349	947	4633	14	4	2
349	947	4634	14	5	2
349	947	4635	14	6	2
349	947	4636	14	7	2
349	947	4637	26	1	2
349	968	2485	22	1	2
349	968	2487	23	1	2
349	968	2488	24	1	2
349	968	2490	28	1	2
349	968	2491	2	1	2
349	968	2493	22	1	2
349	968	2494	22	2	2
349	968	2500	22	1	2
349	968	3868	15	1	2
349	968	3869	22	1	2
349	968	3870	22	2	2
349	968	3887	12	1	2
349	968	3888	16	1	2
349	968	3889	16	2	2
349	968	3890	17	1	2
349	968	3891	17	2	2
349	968	3892	30	1	2
349	968	4619	1	1	2
349	968	4637	26	1	2
349	968	4660	3	1	2
349	968	4661	10	1	2
349	968	4662	10	2	2
349	968	4663	10	3	2
349	968	4664	10	4	2
349	968	4665	10	5	2
349	968	4666	10	6	2
349	968	4667	10	7	2
349	968	4668	10	8	2
349	968	4669	10	9	2
349	968	4670	11	1	2
349	968	4671	11	2	2
349	968	4672	11	3	2
349	968	4673	11	4	2
349	968	4674	11	5	2
349	968	4675	11	6	2
349	968	4676	11	7	2
349	970	2485	22	1	2
349	970	2487	23	1	2
349	970	2488	24	1	2
349	970	2490	28	1	2
349	970	2491	2	1	2
349	970	2493	22	1	2
349	970	2494	22	2	2
349	970	2500	22	1	2
349	970	3868	15	1	2
349	970	3869	22	1	2
349	970	3870	22	2	2
349	970	3871	11	1	2
349	970	3872	11	2	2
349	970	3873	11	3	2
349	970	3874	11	4	2
349	970	3875	11	5	2
349	970	3876	11	6	2
349	970	3877	11	7	2
349	970	3878	11	8	2
349	970	3879	11	9	2
349	970	3880	11	10	2
349	970	3881	11	11	2
349	970	3882	11	12	2
349	970	3883	11	13	2
349	970	3884	11	14	2
349	970	3885	11	15	2
349	970	3886	11	16	2
349	970	3887	12	1	2
349	970	3888	16	1	2
349	970	3889	16	2	2
349	970	3890	17	1	2
349	970	3891	17	2	2
349	970	3892	30	1	2
349	970	4679	1	1	2
349	970	4680	3	1	2
349	970	4681	26	1	2
349	991	2485	22	1	2
349	991	2487	23	1	2
349	991	2488	24	1	2
349	991	2490	28	1	2
349	991	2491	2	1	2
349	991	2493	22	1	2
349	991	2494	22	2	2
349	991	2495	21	1	2
349	991	2496	16	1	2
349	991	2497	16	2	2
349	991	2498	17	1	2
349	991	2499	17	2	2
349	991	2500	22	1	2
349	991	4679	1	1	2
349	991	4681	26	1	2
349	991	4704	11	1	2
349	993	2485	22	1	2
349	993	2487	23	1	2
349	993	2488	24	1	2
349	993	2490	28	1	2
349	993	2491	2	1	2
349	993	2493	22	1	2
349	993	2494	22	2	2
349	993	2500	22	1	2
349	993	3868	15	1	2
349	993	3869	22	1	2
349	993	3870	22	2	2
349	993	3888	16	1	2
349	993	3889	16	2	2
349	993	3890	17	1	2
349	993	3891	17	2	2
349	993	3892	30	1	2
349	993	4422	11	1	2
349	993	4423	11	2	2
349	993	4424	11	3	2
349	993	4425	11	4	2
349	993	4426	11	5	2
349	993	4427	11	6	2
349	993	4428	11	7	2
349	993	4429	11	8	2
349	993	4430	11	9	2
349	993	4431	11	10	2
349	993	4432	11	11	2
349	993	4433	11	12	2
349	993	4434	11	13	2
349	993	4435	11	14	2
349	993	4436	11	15	2
349	993	4437	11	16	2
349	993	4707	1	1	2
349	993	4708	26	1	2
349	993	4709	3	1	2
349	1062	2485	22	1	2
349	1062	2487	23	1	2
349	1062	2488	24	1	2
349	1062	2490	28	1	2
349	1062	2491	2	1	2
349	1062	2493	22	1	2
349	1062	2494	22	2	2
349	1062	2500	22	1	2
349	1062	3868	15	1	2
349	1062	3869	22	1	2
349	1062	3870	22	2	2
349	1062	3888	16	1	2
349	1062	3889	16	2	2
349	1062	3890	17	1	2
349	1062	3891	17	2	2
349	1062	3892	30	1	2
349	1062	4760	26	1	2
349	1062	4761	1	1	2
349	1062	4762	5	1	2
349	1062	4763	11	1	2
349	1062	4764	11	2	2
349	1062	4765	11	3	2
349	1062	4766	11	4	2
349	1062	4767	11	5	2
349	1062	4768	11	6	2
349	1062	4769	11	7	2
349	1062	4770	11	8	2
349	1062	4771	11	9	2
349	1062	4772	11	10	2
349	1062	4773	11	11	2
349	1062	4774	11	12	2
349	1062	4775	11	13	2
349	1062	4776	11	14	2
349	1062	4777	11	15	2
349	1062	4778	11	16	2
349	1084	2485	22	1	2
349	1084	2487	23	1	2
349	1084	2488	24	1	2
349	1084	2490	27	1	2
349	1084	2491	2	1	2
349	1084	2493	22	1	2
349	1084	2494	22	2	2
349	1084	2495	21	1	2
349	1084	2496	16	1	2
349	1084	2497	16	2	2
349	1084	2498	17	1	2
349	1084	2499	17	2	2
349	1084	2500	22	1	2
349	1084	4801	1	1	2
349	1084	4802	26	1	2
349	1084	4803	11	1	2
349	1084	4804	15	1	2
349	1084	4805	15	2	2
349	1084	4806	15	3	2
349	1084	4807	15	4	2
349	1084	4808	15	5	2
349	1084	4809	15	6	2
349	1084	4810	15	7	2
349	1084	4811	15	8	2
349	1084	4812	15	9	2
349	1084	4813	16	1	2
349	1084	4814	16	2	2
349	1084	4815	16	3	2
349	1084	4816	16	4	2
349	1084	4817	16	5	2
349	1084	4818	16	6	2
349	1084	4819	16	7	2
349	1106	2485	22	1	2
349	1106	2487	23	1	2
349	1106	2488	24	1	2
349	1106	2490	28	1	2
349	1106	2491	2	1	2
349	1106	2493	22	1	2
349	1106	2495	21	1	2
349	1106	2496	16	1	2
349	1106	2497	16	2	2
349	1106	2498	17	1	2
349	1106	2499	17	2	2
349	1106	2500	22	1	2
349	1106	3870	22	1	2
349	1106	4760	26	1	2
349	1106	4761	1	1	2
349	1106	4843	5	1	2
349	1106	4844	11	1	2
349	1106	4845	11	2	2
349	1106	4846	11	3	2
349	1106	4847	11	4	2
349	1106	4848	11	5	2
349	1106	4849	11	6	2
349	1106	4850	11	7	2
349	1106	4851	11	8	2
349	1106	4852	11	9	2
349	1106	4853	12	1	2
349	1106	4854	12	2	2
349	1106	4855	12	3	2
349	1106	4856	12	4	2
349	1106	4857	12	5	2
349	1106	4858	12	6	2
349	1106	4859	12	7	2
349	1108	2485	22	1	2
349	1108	2487	23	1	2
349	1108	2488	24	1	2
349	1108	2490	28	1	2
349	1108	2491	2	1	2
349	1108	2493	22	1	2
349	1108	2495	21	1	2
349	1108	2496	16	1	2
349	1108	2497	16	2	2
349	1108	2498	17	1	2
349	1108	2499	17	2	2
349	1108	2500	22	1	2
349	1108	3870	22	1	2
349	1108	4844	11	1	2
349	1108	4845	11	2	2
349	1108	4846	11	3	2
349	1108	4847	11	4	2
349	1108	4848	11	5	2
349	1108	4849	11	6	2
349	1108	4850	11	7	2
349	1108	4851	11	8	2
349	1108	4852	11	9	2
349	1108	4853	12	1	2
349	1108	4854	12	2	2
349	1108	4855	12	3	2
349	1108	4856	12	4	2
349	1108	4857	12	5	2
349	1108	4858	12	6	2
349	1108	4859	12	7	2
349	1108	4862	26	1	2
349	1108	4863	1	1	2
349	1108	4864	5	1	2
349	1108	4865	29	1	2
349	1108	4866	29	2	2
349	1129	2485	22	1	2
349	1129	2487	23	1	2
349	1129	2488	24	1	2
349	1129	2490	28	1	2
349	1129	2491	2	1	2
349	1129	2493	22	1	2
349	1129	2494	22	2	2
349	1129	2500	22	1	2
349	1129	3868	15	1	2
349	1129	3869	22	1	2
349	1129	3870	22	2	2
349	1129	3888	16	1	2
349	1129	3889	16	2	2
349	1129	3890	17	1	2
349	1129	3891	17	2	2
349	1129	3892	30	1	2
349	1129	4763	11	1	2
349	1129	4764	11	2	2
349	1129	4765	11	3	2
349	1129	4766	11	4	2
349	1129	4767	11	5	2
349	1129	4768	11	6	2
349	1129	4769	11	7	2
349	1129	4770	11	8	2
349	1129	4771	11	9	2
349	1129	4772	11	10	2
349	1129	4773	11	11	2
349	1129	4774	11	12	2
349	1129	4775	11	13	2
349	1129	4776	11	14	2
349	1129	4777	11	15	2
349	1129	4778	11	16	2
349	1129	4862	26	1	2
349	1129	4863	1	1	2
349	1129	4889	5	1	2
349	1129	4890	29	1	2
349	1129	4891	29	1	2
349	1131	2485	22	1	2
349	1131	2487	23	1	2
349	1131	2488	24	1	2
349	1131	2490	28	1	2
349	1131	2491	2	1	2
349	1131	2493	22	1	2
349	1131	2494	22	2	2
349	1131	2495	21	1	2
349	1131	2496	16	1	2
349	1131	2497	16	2	2
349	1131	2498	17	1	2
349	1131	2499	17	2	2
349	1131	2500	22	1	2
349	1131	4894	1	1	2
349	1131	4895	11	1	2
349	1131	4896	26	1	2
349	1152	2485	22	1	2
349	1152	2487	23	1	2
349	1152	2488	24	1	2
349	1152	2490	28	1	2
349	1152	2491	2	1	2
349	1152	2493	22	1	2
349	1152	2494	22	2	2
349	1152	2500	22	1	2
349	1152	3868	15	1	2
349	1152	3869	22	1	2
349	1152	3870	22	2	2
349	1152	3871	11	1	2
349	1152	3872	11	2	2
349	1152	3873	11	3	2
349	1152	3874	11	4	2
349	1152	3875	11	5	2
349	1152	3876	11	6	2
349	1152	3877	11	7	2
349	1152	3878	11	8	2
349	1152	3879	11	9	2
349	1152	3880	11	10	2
349	1152	3881	11	11	2
349	1152	3882	11	12	2
349	1152	3883	11	13	2
349	1152	3884	11	14	2
349	1152	3885	11	15	2
349	1152	3886	11	16	2
349	1152	3887	12	1	2
349	1152	3888	16	1	2
349	1152	3889	16	2	2
349	1152	3890	17	1	2
349	1152	3891	17	2	2
349	1152	3892	30	1	2
349	1152	4894	1	1	2
349	1152	4896	26	1	2
349	1152	4919	3	1	2
349	1154	2485	22	1	2
349	1154	2487	23	1	2
349	1154	2488	24	1	2
349	1154	2490	28	1	2
349	1154	2491	2	1	2
349	1154	2493	22	1	2
349	1154	2494	22	2	2
349	1154	2500	22	1	2
349	1154	3868	15	1	2
349	1154	3869	22	1	2
349	1154	3870	22	2	2
349	1154	3871	11	1	2
349	1154	3872	11	2	2
349	1154	3873	11	3	2
349	1154	3874	11	4	2
349	1154	3875	11	5	2
349	1154	3876	11	6	2
349	1154	3877	11	7	2
349	1154	3878	11	8	2
349	1154	3879	11	9	2
349	1154	3880	11	10	2
349	1154	3881	11	11	2
349	1154	3882	11	12	2
349	1154	3883	11	13	2
349	1154	3884	11	14	2
349	1154	3885	11	15	2
349	1154	3886	11	16	2
349	1154	3887	12	1	2
349	1154	3888	16	1	2
349	1154	3889	16	2	2
349	1154	3890	17	1	2
349	1154	3891	17	2	2
349	1154	3892	30	1	2
349	1154	4922	26	1	2
349	1154	4923	1	1	2
349	1154	4924	3	1	2
349	1175	2485	22	1	2
349	1175	2487	23	1	2
349	1175	2488	24	1	2
349	1175	2490	27	1	2
349	1175	2491	2	1	2
349	1175	2493	22	1	2
349	1175	2494	22	2	2
349	1175	2495	21	1	2
349	1175	2496	16	1	2
349	1175	2497	16	2	2
349	1175	2498	17	1	2
349	1175	2499	17	2	2
349	1175	2500	22	1	2
349	1175	4503	28	1	2
349	1175	4504	5	1	2
349	1175	4947	26	1	2
349	1175	4948	1	1	2
349	1175	4949	11	1	2
349	1175	4950	15	1	2
349	1175	4951	15	2	2
349	1175	4952	15	3	2
349	1175	4953	15	4	2
349	1175	4954	15	5	2
349	1175	4955	15	6	2
349	1175	4956	15	7	2
349	1175	4957	15	8	2
349	1175	4958	15	9	2
349	1175	4959	16	1	2
349	1175	4960	16	2	2
349	1175	4961	16	3	2
349	1175	4962	16	4	2
349	1175	4963	16	5	2
349	1175	4964	16	6	2
349	1175	4965	16	7	2
349	1175	4966	30	1	2
349	1196	2485	22	1	2
349	1196	2487	23	1	2
349	1196	2488	24	1	2
349	1196	2490	28	1	2
349	1196	2491	2	1	2
349	1196	2493	22	1	2
349	1196	2494	22	2	2
349	1196	2500	22	1	2
349	1196	3868	15	1	2
349	1196	3869	22	1	2
349	1196	3870	22	2	2
349	1196	3887	12	1	2
349	1196	3888	16	1	2
349	1196	3889	16	2	2
349	1196	3890	17	1	2
349	1196	3891	17	2	2
349	1196	3892	30	1	2
349	1196	4347	11	1	2
349	1196	4348	11	2	2
349	1196	4349	11	3	2
349	1196	4350	11	4	2
349	1196	4351	11	5	2
349	1196	4352	11	6	2
349	1196	4353	11	7	2
349	1196	4354	11	8	2
349	1196	4355	11	9	2
349	1196	4356	11	10	2
349	1196	4357	11	11	2
349	1196	4358	11	12	2
349	1196	4359	11	13	2
349	1196	4360	11	14	2
349	1196	4361	11	15	2
349	1196	4362	11	16	2
349	1196	4504	5	1	2
349	1196	4947	26	1	2
349	1196	4948	1	1	2
349	1196	4991	10	1	2
349	1196	4992	32	1	2
349	1197	2485	22	1	2
349	1197	2487	23	1	2
349	1197	2488	24	1	2
349	1197	2490	28	1	2
349	1197	2491	2	1	2
349	1197	2493	22	1	2
349	1197	2494	22	2	2
349	1197	2495	21	1	2
349	1197	2496	16	1	2
349	1197	2497	16	2	2
349	1197	2498	17	1	2
349	1197	2499	17	2	2
349	1197	2500	22	1	2
349	1197	4922	26	1	2
349	1197	4923	1	1	2
349	1197	4994	11	1	2
349	1200	2485	22	1	2
349	1200	2487	23	1	2
349	1200	2488	24	1	2
349	1200	2490	28	1	2
349	1200	2491	2	1	2
349	1200	2493	22	1	2
349	1200	2494	22	2	2
349	1200	2495	21	1	2
349	1200	2496	16	1	2
349	1200	2497	16	2	2
349	1200	2498	17	1	2
349	1200	2499	17	2	2
349	1200	2500	22	1	2
349	1200	4999	1	1	2
349	1200	5000	26	1	2
349	1200	5001	11	1	2
349	1221	2485	22	1	2
349	1221	2487	23	1	2
349	1221	2488	24	1	2
349	1221	2490	28	1	2
349	1221	2491	2	1	2
349	1221	2493	22	1	2
349	1221	2494	22	2	2
349	1221	2500	22	1	2
349	1221	3868	15	1	2
349	1221	3869	22	1	2
349	1221	3870	22	2	2
349	1221	3871	11	1	2
349	1221	3872	11	2	2
349	1221	3873	11	3	2
349	1221	3874	11	4	2
349	1221	3875	11	5	2
349	1221	3876	11	6	2
349	1221	3877	11	7	2
349	1221	3878	11	8	2
349	1221	3879	11	9	2
349	1221	3880	11	10	2
349	1221	3881	11	11	2
349	1221	3882	11	12	2
349	1221	3883	11	13	2
349	1221	3884	11	14	2
349	1221	3885	11	15	2
349	1221	3886	11	16	2
349	1221	3887	12	1	2
349	1221	3888	16	1	2
349	1221	3889	16	2	2
349	1221	3890	17	1	2
349	1221	3891	17	2	2
349	1221	3892	30	1	2
349	1221	4999	1	1	2
349	1221	5000	26	1	2
349	1221	5024	3	1	2
349	1223	2485	22	1	2
349	1223	2487	23	1	2
349	1223	2488	24	1	2
349	1223	2490	28	1	2
349	1223	2491	2	1	2
349	1223	2493	22	1	2
349	1223	2494	22	2	2
349	1223	2500	22	1	2
349	1223	3868	15	1	2
349	1223	3869	22	1	2
349	1223	3870	22	2	2
349	1223	3887	12	1	2
349	1223	3888	16	1	2
349	1223	3889	16	2	2
349	1223	3890	17	1	2
349	1223	3891	17	2	2
349	1223	3892	30	1	2
349	1223	4347	11	1	2
349	1223	4348	11	2	2
349	1223	4349	11	3	2
349	1223	4350	11	4	2
349	1223	4351	11	5	2
349	1223	4352	11	6	2
349	1223	4353	11	7	2
349	1223	4354	11	8	2
349	1223	4355	11	9	2
349	1223	4356	11	10	2
349	1223	4357	11	11	2
349	1223	4358	11	12	2
349	1223	4359	11	13	2
349	1223	4360	11	14	2
349	1223	4361	11	15	2
349	1223	4362	11	16	2
349	1223	4504	5	1	2
349	1223	5027	26	1	2
349	1223	5028	1	1	2
349	1223	5029	10	1	2
349	1244	2485	22	1	2
349	1244	2487	23	1	2
349	1244	2488	24	1	2
349	1244	2490	27	1	2
349	1244	2491	2	1	2
349	1244	2493	22	1	2
349	1244	2494	22	2	2
349	1244	2495	21	1	2
349	1244	2496	16	1	2
349	1244	2497	16	2	2
349	1244	2498	17	1	2
349	1244	2499	17	2	2
349	1244	2500	22	1	2
349	1244	4503	28	1	2
349	1244	4504	5	1	2
349	1244	5027	26	1	2
349	1244	5028	1	1	2
349	1244	5052	11	1	2
349	1244	5053	15	1	2
349	1244	5054	15	2	2
349	1244	5055	15	3	2
349	1244	5056	15	4	2
349	1244	5057	15	5	2
349	1244	5058	15	6	2
349	1244	5059	15	7	2
349	1244	5060	15	8	2
349	1244	5061	15	9	2
349	1244	5062	16	1	2
349	1244	5063	16	2	2
349	1244	5064	16	3	2
349	1244	5065	16	4	2
349	1244	5066	16	5	2
349	1244	5067	16	6	2
349	1244	5068	16	7	2
349	1245	2485	22	1	2
349	1245	2487	23	1	2
349	1245	2488	24	1	2
349	1245	2490	28	1	2
349	1245	2491	2	1	2
349	1245	2493	22	1	2
349	1245	2494	22	2	2
349	1245	2500	22	1	2
349	1245	3868	15	1	2
349	1245	3869	22	1	2
349	1245	3870	22	2	2
349	1245	3871	11	1	2
349	1245	3872	11	2	2
349	1245	3873	11	3	2
349	1245	3874	11	4	2
349	1245	3875	11	5	2
349	1245	3876	11	6	2
349	1245	3877	11	7	2
349	1245	3878	11	8	2
349	1245	3879	11	9	2
349	1245	3880	11	10	2
349	1245	3881	11	11	2
349	1245	3882	11	12	2
349	1245	3883	11	13	2
349	1245	3884	11	14	2
349	1245	3885	11	15	2
349	1245	3886	11	16	2
349	1245	3887	12	1	2
349	1245	3888	16	1	2
349	1245	3889	16	2	2
349	1245	3890	17	1	2
349	1245	3891	17	2	2
349	1245	3892	30	1	2
349	1245	5070	26	1	2
349	1245	5071	1	1	2
349	1245	5072	3	1	2
349	1268	5098	1	1	2
349	1270	2491	2	1	2
349	1270	2492	1	1	2
349	1270	5257	11	1	2
349	1270	5258	20	1	2
349	1325	2491	2	1	2
349	1325	3321	1	1	2
349	1325	5258	11	3	2
349	1325	6061	11	1	2
349	1325	6062	11	1	2
349	1325	6063	11	2	2
349	1360	3534	2	1	2
349	1360	6100	1	1	2
349	1360	6101	11	1	2
349	1360	6102	12	1	2
349	1360	6103	17	1	2
349	1360	6104	13	1	2
349	1360	6105	14	1	2
349	1360	6106	15	1	2
349	1360	6107	16	1	2
349	1369	2491	2	1	2
349	1369	3349	1	1	2
349	1369	5258	20	1	2
349	1369	6109	11	1	2
349	1399	2491	2	1	2
349	1399	3379	1	1	2
349	1399	6141	11	1	2
349	1421	2491	2	1	2
349	1421	3405	1	1	2
349	1421	6164	11	1	2
349	1451	2491	2	1	2
349	1451	3440	22	1	2
349	1451	3441	1	1	2
349	1451	6213	11	1	2
349	1451	6214	33	1	2
349	1482	2491	2	1	2
349	1482	3469	1	1	2
349	1482	5258	11	3	2
349	1482	6062	11	1	2
349	1482	6063	11	2	2
349	1482	6246	11	1	2
349	1537	2491	2	1	2
349	1537	3507	1	1	2
349	1537	5258	20	1	2
349	1537	6304	11	1	2
349	1580	2491	2	1	2
349	1580	3469	1	1	2
349	1580	6360	11	1	2
349	1586	2491	2	1	2
349	1586	3550	1	1	2
349	1586	5258	20	1	2
349	1586	6366	11	1	2
349	1603	2491	2	1	2
349	1603	3570	1	1	2
349	1603	5258	20	1	2
349	1603	6387	11	1	2
349	1626	2491	2	1	2
349	1626	3597	1	1	2
349	1626	5258	11	3	2
349	1626	6062	11	1	2
349	1626	6063	11	2	2
349	1626	6416	11	1	2
349	1662	2491	2	1	2
349	1662	3666	1	1	2
349	1662	5258	11	4	2
349	1662	6062	11	1	2
349	1662	6063	11	2	2
349	1662	6455	12	1	2
349	1662	6456	11	3	2
349	1687	2491	2	1	2
349	1687	3623	1	1	2
349	1687	5258	20	1	2
349	1687	6482	11	1	2
349	1726	2491	2	1	2
349	1726	3692	0	1	2
349	1726	5258	20	1	2
349	1726	6518	11	1	2
349	1753	2488	6	1	2
349	1753	2491	5	1	2
349	1753	6214	33	1	2
349	1753	6548	1	1	2
349	1753	6549	11	1	2
349	1753	6550	6	1	2
349	1753	6551	11	1	2
349	1753	6552	11	2	2
349	1753	6553	11	3	2
349	1753	6554	11	4	2
349	1753	6555	11	5	2
349	1753	6556	12	1	2
349	1782	2491	2	1	2
349	1782	3737	1	1	2
349	1782	6062	11	2	2
349	1782	6063	11	3	2
349	1782	6593	11	1	2
349	1803	2488	6	1	2
349	1803	2491	5	1	2
349	1803	4760	12	1	2
349	1803	4761	1	1	2
349	1803	6214	33	1	2
349	1803	6550	6	1	2
349	1803	6551	11	1	2
349	1803	6552	11	2	2
349	1803	6553	11	3	2
349	1803	6554	11	4	2
349	1803	6555	11	5	2
349	1803	6615	10	1	2
349	1832	2491	2	1	2
349	1832	3773	1	1	2
349	1832	5258	20	1	2
349	1832	6650	11	1	2
349	1903	2491	2	1	2
349	1903	3815	1	1	2
349	1903	5258	20	1	2
349	1903	6726	11	1	2
349	1938	2491	2	1	2
349	1938	3866	1	1	2
349	1938	5258	11	3	2
349	1938	6062	11	1	2
349	1938	6063	11	2	2
349	1938	6770	11	1	2
349	2048	2491	2	1	2
349	2048	4420	1	1	2
349	2048	5258	20	1	2
349	2048	6854	11	1	2
349	2073	2491	2	1	2
349	2073	4440	1	1	2
349	2073	5258	20	1	2
349	2073	6882	11	1	2
349	2101	2491	2	1	2
349	2101	4484	1	1	2
349	2101	5258	20	1	2
349	2101	6910	11	1	2
349	2170	2491	2	1	2
349	2170	4530	1	1	2
349	2170	6062	11	1	2
349	2170	6063	11	2	2
349	2170	6969	11	1	2
349	2192	2491	2	1	2
349	2192	4557	1	1	2
349	2192	6062	11	1	2
349	2192	6063	11	2	2
349	2192	6995	11	1	2
349	2218	2491	2	1	2
349	2218	4590	1	1	2
349	2218	6062	11	1	2
349	2218	6063	11	2	2
349	2218	7025	11	1	2
349	2246	2491	2	1	2
349	2246	4619	1	1	2
349	2246	5258	20	1	2
349	2246	7058	11	1	2
349	2291	2491	2	1	2
349	2291	4707	1	1	2
349	2291	5258	20	1	2
349	2291	7087	11	1	2
349	2320	2491	2	1	2
349	2320	4679	1	1	2
349	2320	6062	11	1	2
349	2320	6063	11	2	2
349	2320	7115	11	1	2
349	2439	2488	6	1	2
349	2439	2491	5	1	2
349	2439	4862	12	1	2
349	2439	4863	1	1	2
349	2439	6214	33	1	2
349	2439	6550	6	1	2
349	2439	6551	11	1	2
349	2439	6552	11	2	2
349	2439	6553	11	3	2
349	2439	6554	11	4	2
349	2439	6555	11	5	2
349	2439	7193	11	1	2
349	2439	7194	7	1	2
349	2439	7195	8	1	2
349	2467	2491	2	1	2
349	2467	4801	1	1	2
349	2467	5258	20	1	2
349	2467	7224	11	1	2
349	2491	2491	2	1	2
349	2491	4894	1	1	2
349	2491	6062	11	1	2
349	2491	6063	11	2	2
349	2491	7250	11	1	2
349	2521	2491	2	1	2
349	2521	4923	1	1	2
349	2521	6062	11	1	2
349	2521	6063	11	2	2
349	2521	7282	11	1	2
349	2547	2491	2	1	2
349	2547	4948	1	1	2
349	2547	5258	20	1	2
349	2547	7311	11	1	2
349	2547	7312	30	1	2
349	2591	2491	2	1	2
349	2591	4999	1	1	2
349	2591	6062	11	1	2
349	2591	6063	11	2	2
349	2591	7353	11	1	2
349	2615	2491	2	1	2
349	2615	5028	1	1	2
349	2615	5258	20	1	2
349	2615	7381	11	1	2
349	2671	2491	2	1	2
349	2671	5071	1	1	2
349	2671	6062	11	1	2
349	2671	6063	11	2	2
349	2671	7430	11	1	2
349	2807	7533	1	1	2
349	2807	7534	3	1	2
349	2807	7535	3	2	2
349	2807	7536	2	1	2
349	2807	7537	2	2	2
349	2807	7538	3	1	2
349	2807	7539	3	2	2
349	2807	7540	2	1	2
349	2807	7541	2	2	2
349	2807	7546	2	1	2
349	2807	7547	2	2	2
349	2807	7552	10	1	2
349	2807	7553	2	1	2
349	2807	7554	2	2	2
349	2807	7555	2	3	2
349	2807	7556	2	4	2
349	2807	7557	2	5	2
349	2807	7558	2	6	2
349	2807	7559	2	7	2
349	2807	7560	2	8	2
349	2807	7561	2	9	2
349	2807	7562	2	10	2
349	2807	7563	2	11	2
349	2807	7564	2	12	2
349	2906	7757	1	1	2
349	2910	7777	1	1	2
349	2925	7804	1	1	2
349	2932	7824	3	1	2
349	2932	7825	3	2	2
349	2932	7826	0	1	2
349	2932	7827	1	1	2
349	2932	7828	20	1	2
349	2932	7829	3	1	2
349	2955	7824	5	1	2
349	2955	7825	13	1	2
349	2955	7826	1	1	2
349	2955	7828	20	1	2
349	2955	7829	13	1	2
349	2955	7965	1	1	2
349	2976	7824	5	1	2
349	2976	7825	13	1	2
349	2976	7826	1	1	2
349	2976	7828	20	1	2
349	2976	7829	13	1	2
349	2976	7987	1	1	2
349	2998	7825	9913	1	2
349	2998	7828	9920	1	2
349	2998	7829	9913	1	2
349	2998	7965	1	1	2
349	2998	8010	1	2	2
349	2998	8011	5	1	2
349	2998	8014	9913	1	2
349	3030	7825	9913	1	2
349	3030	7828	9920	1	2
349	3030	7829	9913	1	2
349	3030	7987	1	1	2
349	3030	8010	1	2	2
349	3030	8011	5	1	2
349	3030	8014	9913	1	2
349	3030	8044	6	1	2
349	3123	8143	0	1	2
349	3125	8143	0	1	2
349	3126	8143	0	1	2
349	3127	8143	0	1	2
349	3128	8143	0	1	2
349	3171	432	4	1	2
349	3171	8207	1	1	2
349	3171	8223	2	1	2
349	3171	8224	3	1	2
349	3171	8225	5	1	2
349	3171	8229	1	1	2
349	3171	8230	5	1	2
349	3171	8231	6	1	2
349	3171	8232	7	1	2
349	3259	2488	3	1	2
349	3259	8402	3	2	2
349	3259	8403	1	1	2
349	3259	8404	10	1	2
349	3259	8405	10	2	2
349	3259	8406	10	3	2
349	3259	8407	3	1	2
349	3259	8408	1	1	2
349	3299	8476	1	1	2
349	3300	8477	0	1	2
349	3301	8478	1	1	2
349	3302	8479	1	1	2
349	3303	8479	1	1	2
349	3304	8479	1	1	2
349	3305	8478	1	1	2
349	3306	8478	1	1	2
349	3307	8479	1	1	2
349	3328	8503	0	1	2
349	3329	8504	0	1	2
349	3337	8513	0	1	2
349	3339	8515	0	1	2
349	3343	8519	0	1	2
349	3345	8521	0	1	2
349	3352	8530	0	1	2
