349	1	2300 SYSTEM	2	300
349	2	D23_SYSTEM	1	300
349	3	2300-TM-OPTS	2	300
349	4	D23_TM	1	300
349	5	2300-TM-021	2	
349	6	2300-TM-121	2	
349	7	2300-TM-131	2	
349	8	2300-TM-221	2	
349	9	2300-TM-311	2	
349	10	2300-TM-312	2	
349	11	2300-TM-330	2	
349	12	2300-TM-331	2	
349	13	2300-TM-332	2	
349	14	2300-TM-411	2	
349	15	2300-TM-412	2	
349	16	2300-TM-413	2	
349	17	2300-TM-414	2	
349	18	2300-TM-415	2	
349	19	2300-TM-416	2	
349	20	2300-TM-417	2	
349	21	2300-TM-418	2	
349	22	2300-TM-419	2	
349	23	2300-TM-1000	2	
349	24	2300-TM-1001	2	
349	25	2300-TM-1003	2	
349	26	2300-TM-1004	2	
349	27	2300-TM-1005	2	
349	28	570-003636-001	2	300
349	29	CL_570003636001	1	300
349	30	2300-NSR020001	2	
349	31	2300-NSR020002	2	
349	32	2300-NSR020003	2	
349	33	2300-NSR020004	2	
349	34	2300-NSR020005	2	
349	35	2300-NSR020006	2	
349	36	2300-NSR020007	2	
349	37	2300-NSR020008	2	
349	38	2300-NSR020009	2	
349	39	2300-NSR020010	2	
349	40	2300-TM-014	2	
349	41	2300-TM-015	2	
349	42	2300-TM-016	2	
349	43	2300-TM-001	2	
349	44	2300-TM-002	2	
349	45	2300-TM-003	2	
349	46	2300-TM-004	2	
349	47	2300-TM-011	2	
349	48	2300-TM-017	2	
349	49	2300-TM-1006	2	
349	50	2300-TM-1007	2	
349	51	2300-TM-050	2	
349	52	2300-TM-018	2	
349	53	2300-TM-019	2	
349	54	2300-TM-1008	2	
349	55	2300-TM-212	2	
349	56	2300-TM-005	2	
349	57	2300-TM-006	2	
349	58	2300-TM-007	2	
349	59	2300-TM-020	2	
349	60	570-003636-003	2	300
349	61	CL_570003636003	1	300
349	62	2300-TM-025	2	
349	63	2300-TM-008	2	
349	64	2300-TM-009	2	
349	65	2300-TM-1009	2	
349	66	2300-TM-013	2	
349	67	2300-TM-010	2	
349	68	2300-TM-1010	2	
349	69	570-003636-005	2	300
349	70	CL_570003636005	1	300
349	71	2300-TM-026	2	
349	72	2300-TM-222	2	
349	73	2300-TM-420	2	
349	74	2300-TM-421	2	
349	75	2300-TM-1011	2	
349	76	2300-TM-333	2	
349	77	2300-TM-334	2	
349	78	2300-TM-132	2	
349	79	2300-TM-800	2	
349	80	2300-TM-801	2	
349	81	2300-TM-802	2	
349	82	2300-TM-0131	2	
349	83	2300-TM-0141	2	
349	84	2300-TM-100	2	
349	85	2300-TM-335	2	
349	86	2300-TM-1012	2	
349	87	2300-TM-0051	2	
349	88	2300-TM-0052	2	
349	89	2300-TM-0053	2	
349	90	2300-TM-0054	2	
349	91	2300-TM-422	2	
349	92	2300-TM-133	2	
349	93	2300-TM-1013	2	
349	94	2300-TM-0132	2	
349	95	2300-TM-0142	2	
349	96	2300-TM-1014	2	
349	97	2300-TM-022	2	
349	98	570-003636-010	2	300
349	99	CL_570003636010	1	300
349	100	2300-TM-1016	2	
349	101	2300-TM-423	2	
349	102	2300-TM-0101	2	
349	103	2300-TM-0102	2	
349	104	2300-TM-0055	2	
349	105	2300-TM-0056	2	
349	106	2300-TM-1017	2	
349	107	2300-TM-1018	2	
349	108	2300-NSR020011	2	
349	109	2300-NSR020012	2	
349	110	2300-NSR020013	2	
349	111	2300-NSR020014	2	
349	112	2300-NSR020015	2	
349	113	2300-NSR020016	2	
349	114	2300-NSR020017	2	
349	115	2300-NSR020018	2	
349	116	2300-NSR020019	2	
349	117	2300-NSR020020	2	
349	118	2300-TM-0057	2	
349	119	2300-TM-0058	2	
349	120	2300-TM-1019	2	
349	121	2300-TM-1020	2	
349	122	2300-TM-1021	2	
349	123	2300-TM-1022	2	
349	124	2300-TM-1023	2	
349	125	570-003636-203	2	300
349	126	CL_570003636203	1	300
349	127	570-003636-503	2	300
349	128	CL_570003636503	1	300
349	129	570-003636-603	2	300
349	130	CL_570003636603	1	300
349	131	2300-TM-1024	2	
349	132	570-003636-401	2	300
349	133	CL_570003636401	1	300
349	134	570-003636-803	2	300
349	135	CL_570003636803	1	300
349	136	2300-TM-803	2	
349	137	2300-TM-338	2	
349	138	2300-TM-339	2	
349	139	2300-TM-1050	2	
349	140	2300-PF	2	300
349	141	D23_PF	1	300
349	142	2300-PF-001	2	
349	143	2300-PF-021	2	
349	144	570-003637-001	2	300
349	145	CL_570003637001	1	300
349	146	2300-PF-001-PF	2	
349	147	2300-PF-021-PF	2	
349	148	2300-NSR030001	2	
349	149	2300-NSR030002	2	
349	150	2300-NSR030003	2	
349	151	2300-NSR030004	2	
349	152	2300-NSR030005	2	
349	153	2300-NSR030006	2	
349	154	2300-NSR030007	2	
349	155	2300-NSR030008	2	
349	156	2300-NSR030009	2	
349	157	2300-NSR030010	2	
349	158	2300-PF-022	2	
349	159	2300-PF-022-PF	2	
349	160	2300-PF-019	2	
349	161	2300-PF-039	2	
349	162	2300-PF-019-PF	2	
349	163	2300-PF-039-PF	2	
349	164	2300-PF-050	2	
349	165	2300-PF-050-PF	2	
349	166	2300-PF-003	2	
349	167	2300-PF-003-PF	2	
349	168	2300-PF-004	2	
349	169	2300-PF-004-PF	2	
349	170	2300-PF-018	2	
349	171	2300-PF-051-PF	2	
349	172	2300-PF-051	2	
349	173	2300-PF-052	2	
349	174	2300-PF-053	2	
349	175	2300-PF-052-PF	2	
349	176	2300-PF-053-PF	2	
349	177	2300-PF-100	2	
349	178	2300-PF-100-PF	2	
349	179	2300-PF-101	2	
349	180	2300-PF-101-PF	2	
349	181	2300-PF-040	2	
349	182	2300-PF-040-PF	2	
349	183	570-003637-002	2	300
349	184	CL_570003637002	1	300
349	185	570-060442-001	2	300
349	186	CL_570060442001	1	300
349	187	2300-PF-500	2	
349	188	2300-PF-500-PF	2	
349	189	2300-PF-501	2	
349	190	2300-PF-501-PF	2	
349	191	2300-PF-502	2	
349	192	2300-PF-502-PF	2	
349	193	2300-PF-510	2	
349	194	2300-PF-510-PF	2	
349	195	2300-PF-511	2	
349	196	2300-PF-511-PF	2	
349	197	2300-PF-505	2	
349	198	2300-PF-505-PF	2	
349	199	2300-NSR030011	2	
349	200	2300-NSR030012	2	
349	201	2300-NSR030013	2	
349	202	2300-NSR030014	2	
349	203	2300-NSR030015	2	
349	204	2300-NSR030016	2	
349	205	2300-NSR030017	2	
349	206	2300-NSR030018	2	
349	207	2300-NSR030019	2	
349	208	2300-NSR030020	2	
349	209	2300-PF-020	2	
349	210	2300-PF-020-PF	2	
349	211	2300-PF-512	2	
349	212	2300-PF-512-PF	2	
349	213	2300-PF-513	2	
349	214	2300-PF-513-PF	2	
349	215	2300-PF-514	2	
349	216	2300-PF-514-PF	2	
349	217	2300-PF-515	2	
349	218	2300-PF-515-PF	2	
349	219	2300-PF-516	2	
349	220	2300-PF-516-PF	2	
349	221	2300-PF-520	2	
349	222	2300-PF-520-PF	2	
349	223	2300-PF-521	2	
349	224	2300-PF-521-PF	2	
349	225	2300-PF-522	2	
349	226	2300-PF-522-PF	2	
349	227	2300-PF-523	2	
349	228	2300-PF-523-PF	2	
349	229	2300-PF-530	2	
349	230	2300-PF-530-PF	2	
349	231	2300-PF-531	2	
349	232	2300-PF-531-PF	2	
349	233	2300-PF-532	2	
349	234	2300-PF-532-PF	2	
349	235	2300-PF-517	2	
349	236	2300-PF-533	2	
349	237	2300-PF-533-PF	2	
349	238	2300-PF-518	2	
349	239	2300-PF-518-PF	2	
349	240	2300-PF-519	2	
349	241	2300-PF-519-PF	2	
349	242	2300-PF-017	2	
349	243	2300-PF-017-PF	2	
349	244	2300-PF-102	2	
349	245	2300-PF-102-PF	2	
349	246	2300-PF-103	2	
349	247	2300-PF-104	2	
349	248	2300-PF-534	2	
349	249	2300-PF-534-PF	2	
349	250	2300-SA	2	300
349	251	D23_SA	1	300
349	252	2300-SA-021	2	
349	253	2300-SA-031	2	
349	254	2300-SA-041	2	
349	255	570-003638-001	2	300
349	256	CL_570003638001	1	300
349	257	2300-SA-001	2	
349	258	570-003638-901	2	300
349	259	CL_570003638901	1	300
349	260	570-049970-001	2	300
349	261	CL_570049970001	1	300
349	262	570-060441-001	2	300
349	263	CL_570060441001	1	300
349	264	2300-SV	2	300
349	265	D23_SV	1	300
349	266	2300-SV-001	2	
349	267	2300-SV-002	2	
349	268	2300-SV-003	2	
349	269	2300-SV-004	2	
349	270	2300-SV-041	2	
349	271	2300-SV-040	2	
349	272	2300-SV-021	2	
349	273	2300-SV-022	2	
349	274	2300-SV-023	2	
349	275	2300-SV-032	2	300
349	276	D23_SV_VPRICE	1	300
349	277	2300-SV-033	2	300
349	278	2300-SV-031	2	300
349	279	D23_SV_CSC	1	300
349	280	2300-SV-025	2	
349	281	2300-SV-026	2	
349	282	2300-SV-035	2	
349	283	2300-SV-036	2	
349	284	2300-SV-038	2	
349	285	2300-SV-131	2	300
349	286	D23_SV_24X7_EXTEN	1	300
349	287	2300-SV-132	2	300
349	288	2300-SV-133	2	300
349	289	2300-GB	2	300
349	290	D23_GB	1	300
349	291	2300-GB-031	2	
349	292	2300-GB-032	2	
349	293	2300-GB-033	2	
349	294	2300-GB-POLY	2	300
349	295	D23_GB_PM	1	300
349	296	2300-GB-046	2	
349	297	2300-GB-051	2	
349	298	2300-GB-052	2	
349	299	2300-GB-114	2	
349	300	2300-GB-115	2	
349	301	2300-GB-116	2	
349	302	2300-GB-117	2	
349	303	2300-GB-118	2	
349	304	2300-GB-119	2	
349	305	2300-GB-101	2	
349	306	2300-GB-102	2	
349	307	2300-GB-111	2	
349	308	2300-GB-112	2	
349	309	2300-GB-113	2	
349	310	2300-GB-120	2	
349	311	2300-GB-121	2	
349	312	2300-GB-122	2	
349	313	2300-GB-123	2	
349	314	2300-GB-041	2	
349	315	2300-NSR610001	2	
349	316	2300-NSR610002	2	
349	317	2300-NSR610003	2	
349	318	2300-NSR610004	2	
349	319	2300-NSR610005	2	
349	320	2300-NSR610006	2	
349	321	2300-NSR610007	2	
349	322	2300-NSR610008	2	
349	323	2300-NSR610009	2	
349	324	2300-NSR610010	2	
349	325	2300-GB-SYS	2	
349	326	2300-GB-060	2	
349	327	2300-NSR-MFC	2	
349	328	2300-GB-053	2	
349	329	2300-GB-054	2	
349	330	2300-GB-124	2	
349	331	2300-GB-125	2	
349	332	2300-GB2-SYS	2	
349	333	2300-GB-106	2	
349	334	2300-GB-107	2	
349	335	2300-GB-108	2	
349	336	2300-GB-126	2	
349	337	2300-GB-061	2	
349	338	2300-NSR610011	2	
349	339	2300-NSR610012	2	
349	340	2300-NSR610013	2	
349	341	2300-NSR610014	2	
349	342	2300-NSR610015	2	
349	343	2300-NSR610016	2	
349	344	2300-NSR610017	2	
349	345	2300-NSR610018	2	
349	346	2300-NSR610019	2	
349	347	2300-NSR610020	2	
349	348	2300-GB-128	2	
349	349	2300-GB-143	2	
349	350	2300-GB-1000	2	
349	351	2300-GB-1001	2	
349	352	2300-GB-1002	2	
349	353	2300-GB-1003	2	
349	354	2300-GB-1004	2	
349	355	2300-GB-1005	2	
349	356	2300-GB-1006	2	
349	357	570-003619-001	2	300
349	358	CL_570003619001	1	300
349	359	2300-GB-DFC	2	300
349	360	2300-NSR650001	2	
349	361	2300-NSR650002	2	
349	362	2300-NSR650003	2	
349	363	2300-NSR650004	2	
349	364	2300-NSR650005	2	
349	365	2300-NSR650006	2	
349	366	2300-NSR650007	2	
349	367	2300-NSR650008	2	
349	368	2300-NSR650009	2	
349	369	2300-NSR650010	2	
349	370	2300-GB-131	2	
349	371	2300-GB-127	2	
349	372	2300-NSR650011	2	
349	373	2300-NSR650012	2	
349	374	2300-NSR650013	2	
349	375	2300-NSR650014	2	
349	376	2300-NSR650015	2	
349	377	2300-NSR650016	2	
349	378	2300-NSR650017	2	
349	379	2300-NSR650018	2	
349	380	2300-NSR650019	2	
349	381	2300-NSR650020	2	
349	382	2300-GB-METAL	2	300
349	383	2300-NSR620001	2	
349	384	2300-NSR620002	2	
349	385	2300-NSR620003	2	
349	386	2300-NSR620004	2	
349	387	2300-NSR620005	2	
349	388	2300-NSR620006	2	
349	389	2300-NSR620007	2	
349	390	2300-NSR620008	2	
349	391	2300-NSR620009	2	
349	392	2300-NSR620010	2	
349	393	2300-GB-104	2	
349	394	2300-GB-105	2	
349	395	2300-GB-132	2	
349	396	2300-NSR620011	2	
349	397	2300-NSR620012	2	
349	398	2300-NSR620013	2	
349	399	2300-NSR620014	2	
349	400	2300-NSR620015	2	
349	401	2300-NSR620016	2	
349	402	2300-NSR620017	2	
349	403	2300-NSR620018	2	
349	404	2300-NSR620019	2	
349	405	2300-NSR620020	2	
349	406	2300-GB-STRIP	2	300
349	407	2300-GB-103	2	
349	408	2300-NSR630001	2	
349	409	2300-NSR630002	2	
349	410	2300-NSR630003	2	
349	411	2300-NSR630004	2	
349	412	2300-NSR630005	2	
349	413	2300-NSR630006	2	
349	414	2300-NSR630007	2	
349	415	2300-NSR630008	2	
349	416	2300-NSR630009	2	
349	417	2300-NSR630010	2	
349	418	2300-NSR630011	2	
349	419	2300-NSR630012	2	
349	420	2300-NSR630013	2	
349	421	2300-NSR630014	2	
349	422	2300-NSR630015	2	
349	423	2300-NSR630016	2	
349	424	2300-NSR630017	2	
349	425	2300-NSR630018	2	
349	426	2300-NSR630019	2	
349	427	2300-NSR630020	2	
349	428	2300-GB-ADP	2	300
349	429	2300-NSR640001	2	
349	430	2300-NSR640002	2	
349	431	2300-NSR640003	2	
349	432	2300-NSR640004	2	
349	433	2300-NSR640005	2	
349	434	2300-NSR640006	2	
349	435	2300-NSR640007	2	
349	436	2300-NSR640008	2	
349	437	2300-NSR640009	2	
349	438	2300-NSR640010	2	
349	439	2300-GB-034	2	
349	440	2300-GB-030	2	
349	441	2300-NSR600001	2	
349	442	2300-NSR600002	2	
349	443	2300-NSR600003	2	
349	444	2300-NSR600004	2	
349	445	2300-NSR600005	2	
349	446	2300-NSR600006	2	
349	447	2300-NSR600007	2	
349	448	2300-NSR600008	2	
349	449	2300-NSR600009	2	
349	450	2300-NSR600010	2	
349	451	2300-GB-021	2	
349	452	2300-GB-022	2	
349	453	2300-GB-023	2	
349	454	2300-GB-PF	2	
349	455	2300-GB-MWSTRIP	2	300
349	456	2300-NSR660001	2	
349	457	2300-NSR660002	2	
349	458	2300-NSR660003	2	
349	459	2300-NSR660004	2	
349	460	2300-NSR660005	2	
349	461	2300-NSR660006	2	
349	462	2300-NSR660007	2	
349	463	2300-NSR660008	2	
349	464	2300-NSR660009	2	
349	465	2300-NSR660010	2	
349	466	2300-NSR660011	2	
349	467	2300-NSR660012	2	
349	468	2300-NSR660013	2	
349	469	2300-NSR660014	2	
349	470	2300-NSR660015	2	
349	471	2300-NSR660016	2	
349	472	2300-NSR660017	2	
349	473	2300-NSR660018	2	
349	474	2300-NSR660019	2	
349	475	2300-NSR660020	2	
349	476	2300-GB-DFC2	2	300
349	477	2300-NSR670001	2	
349	478	2300-NSR670002	2	
349	479	2300-NSR670003	2	
349	480	2300-NSR670004	2	
349	481	2300-NSR670005	2	
349	482	2300-NSR670006	2	
349	483	2300-NSR670007	2	
349	484	2300-NSR670008	2	
349	485	2300-NSR670009	2	
349	486	2300-NSR670010	2	
349	487	2300-GB-140	2	
349	488	2300-GB-141	2	
349	489	2300-NSR670011	2	
349	490	2300-NSR670012	2	
349	491	2300-NSR670013	2	
349	492	2300-NSR670014	2	
349	493	2300-NSR670015	2	
349	494	2300-NSR670016	2	
349	495	2300-NSR670017	2	
349	496	2300-NSR670018	2	
349	497	2300-NSR670019	2	
349	498	2300-NSR670020	2	
349	499	2300-GB-POLY2	2	300
349	500	2300-NSR680001	2	
349	501	2300-NSR680002	2	
349	502	2300-NSR680003	2	
349	503	2300-NSR680004	2	
349	504	2300-NSR680005	2	
349	505	2300-NSR680006	2	
349	506	2300-NSR680007	2	
349	507	2300-NSR680008	2	
349	508	2300-NSR680009	2	
349	509	2300-NSR680010	2	
349	510	2300-NSR680011	2	
349	511	2300-NSR680012	2	
349	512	2300-NSR680013	2	
349	513	2300-NSR680014	2	
349	514	2300-NSR680015	2	
349	515	2300-NSR680016	2	
349	516	2300-NSR680017	2	
349	517	2300-NSR680018	2	
349	518	2300-NSR680019	2	
349	519	2300-NSR680020	2	
349	520	570-034907-001	2	300
349	521	CL_570034907001	1	300
349	522	2300-GB-200	2	
349	523	2300-GB-201	2	
349	524	2300-GB-202	2	
349	525	2300-GB-203	2	
349	526	2300-GB-DFC2I	2	300
349	527	D23I_GB_PM	1	300
349	528	570-034907-901	2	300
349	529	CL_570034907901	1	300
349	530	2300-GB-204	2	
349	531	2300-GB-METAL2	2	300
349	532	2300-NSR690001	2	
349	533	2300-NSR690002	2	
349	534	2300-NSR690003	2	
349	535	2300-NSR690004	2	
349	536	2300-NSR690005	2	
349	537	2300-NSR690006	2	
349	538	2300-NSR690007	2	
349	539	2300-NSR690008	2	
349	540	2300-NSR690009	2	
349	541	2300-NSR690010	2	
349	542	2300-GB-025	2	
349	543	2300-GB-026	2	
349	544	2300-GB-027	2	
349	545	2300-GB-050	2	
349	546	2300-GB-035	2	
349	547	2300-GB-POLY3	2	300
349	548	2300-NSR700001	2	
349	549	2300-NSR700002	2	
349	550	2300-NSR700003	2	
349	551	2300-NSR700004	2	
349	552	2300-NSR700005	2	
349	553	2300-NSR700006	2	
349	554	2300-NSR700007	2	
349	555	2300-NSR700008	2	
349	556	2300-NSR700009	2	
349	557	2300-NSR700010	2	
349	558	2300-NSR700011	2	
349	559	2300-NSR700012	2	
349	560	2300-NSR700013	2	
349	561	2300-NSR700014	2	
349	562	2300-NSR700015	2	
349	563	2300-NSR700016	2	
349	564	2300-NSR700017	2	
349	565	2300-NSR700018	2	
349	566	2300-NSR700019	2	
349	567	2300-NSR700020	2	
349	568	2300-GB-049	2	
349	569	2300-GB-DFC3	2	300
349	570	2300-NSR710001	2	
349	571	2300-NSR710002	2	
349	572	2300-NSR710003	2	
349	573	2300-NSR710004	2	
349	574	2300-NSR710005	2	
349	575	2300-NSR710006	2	
349	576	2300-NSR710007	2	
349	577	2300-NSR710008	2	
349	578	2300-NSR710009	2	
349	579	2300-NSR710010	2	
349	580	2300-NSR710011	2	
349	581	2300-NSR710012	2	
349	582	2300-NSR710013	2	
349	583	2300-NSR710014	2	
349	584	2300-NSR710015	2	
349	585	2300-NSR710016	2	
349	586	2300-NSR710017	2	
349	587	2300-NSR710018	2	
349	588	2300-NSR710019	2	
349	589	2300-NSR710020	2	
349	590	2300-GB-POLY4	2	300
349	591	2300-NSR730001	2	
349	592	2300-NSR730002	2	
349	593	2300-NSR730003	2	
349	594	2300-NSR730004	2	
349	595	2300-NSR730005	2	
349	596	2300-NSR730006	2	
349	597	2300-NSR730007	2	
349	598	2300-NSR730008	2	
349	599	2300-NSR730009	2	
349	600	2300-NSR730010	2	
349	601	2300-NSR730011	2	
349	602	2300-NSR730012	2	
349	603	2300-NSR730013	2	
349	604	2300-NSR730014	2	
349	605	2300-NSR730015	2	
349	606	2300-NSR730016	2	
349	607	2300-NSR730017	2	
349	608	2300-NSR730018	2	
349	609	2300-NSR730019	2	
349	610	2300-NSR730020	2	
349	611	2300-GB-DFC4	2	300
349	612	2300-NSR790001	2	
349	613	2300-NSR790002	2	
349	614	2300-NSR790003	2	
349	615	2300-NSR790004	2	
349	616	2300-NSR790005	2	
349	617	2300-NSR790006	2	
349	618	2300-NSR790007	2	
349	619	2300-NSR790008	2	
349	620	2300-NSR790009	2	
349	621	2300-NSR790010	2	
349	622	2300-NSR790011	2	
349	623	2300-NSR790012	2	
349	624	2300-NSR790013	2	
349	625	2300-NSR790014	2	
349	626	2300-NSR790015	2	
349	627	2300-NSR790016	2	
349	628	2300-NSR790017	2	
349	629	2300-NSR790018	2	
349	630	2300-NSR790019	2	
349	631	2300-NSR790020	2	
349	632	2300-GB-METAL3	2	300
349	633	2300-NSR740001	2	
349	634	2300-NSR740002	2	
349	635	2300-NSR740003	2	
349	636	2300-NSR740004	2	
349	637	2300-NSR740005	2	
349	638	2300-NSR740006	2	
349	639	2300-NSR740007	2	
349	640	2300-NSR740008	2	
349	641	2300-NSR740009	2	
349	642	2300-NSR740010	2	
349	643	2300-NSR740011	2	
349	644	2300-NSR740012	2	
349	645	2300-NSR740013	2	
349	646	2300-NSR740014	2	
349	647	2300-NSR740015	2	
349	648	2300-NSR740016	2	
349	649	2300-NSR740017	2	
349	650	2300-NSR740018	2	
349	651	2300-NSR740019	2	
349	652	2300-NSR740020	2	
349	653	2300-GB2-PF	2	
349	654	2300-GB-205	2	
349	655	2300-GB-NGP1	2	300
349	656	2300-NSR750001	2	
349	657	2300-NSR750002	2	
349	658	2300-NSR750003	2	
349	659	2300-NSR750004	2	
349	660	2300-NSR750005	2	
349	661	2300-NSR750006	2	
349	662	2300-NSR750007	2	
349	663	2300-NSR750008	2	
349	664	2300-NSR750009	2	
349	665	2300-NSR750010	2	
349	666	2300-NSR750011	2	
349	667	2300-NSR750012	2	
349	668	2300-NSR750013	2	
349	669	2300-NSR750014	2	
349	670	2300-NSR750015	2	
349	671	2300-NSR750016	2	
349	672	2300-NSR750017	2	
349	673	2300-NSR750018	2	
349	674	2300-NSR750019	2	
349	675	2300-NSR750020	2	
349	676	2300-NSR600011	2	
349	677	2300-NSR600012	2	
349	678	2300-NSR600013	2	
349	679	2300-NSR600014	2	
349	680	2300-NSR600015	2	
349	681	2300-NSR600016	2	
349	682	2300-NSR600017	2	
349	683	2300-NSR600018	2	
349	684	2300-NSR600019	2	
349	685	2300-NSR600020	2	
349	686	2300-GB-POLY5	2	300
349	687	2300-NSR780001	2	
349	688	2300-NSR780002	2	
349	689	2300-NSR780003	2	
349	690	2300-NSR780004	2	
349	691	2300-NSR780005	2	
349	692	2300-NSR780006	2	
349	693	2300-NSR780007	2	
349	694	2300-NSR780008	2	
349	695	2300-NSR780009	2	
349	696	2300-NSR780010	2	
349	697	2300-NSR780011	2	
349	698	2300-NSR780012	2	
349	699	2300-NSR780013	2	
349	700	2300-NSR780014	2	
349	701	2300-NSR780015	2	
349	702	2300-NSR780016	2	
349	703	2300-NSR780017	2	
349	704	2300-NSR780018	2	
349	705	2300-NSR780019	2	
349	706	2300-NSR780020	2	
349	707	2300-GB-3D1	2	300
349	708	2300-NSR770001	2	
349	709	2300-NSR770002	2	
349	710	2300-NSR770003	2	
349	711	2300-NSR770004	2	
349	712	2300-NSR770005	2	
349	713	2300-NSR770006	2	
349	714	2300-NSR770007	2	
349	715	2300-NSR770008	2	
349	716	2300-NSR770009	2	
349	717	2300-NSR770010	2	
349	718	2300-NSR770011	2	
349	719	2300-NSR770012	2	
349	720	2300-NSR770013	2	
349	721	2300-NSR770014	2	
349	722	2300-NSR770015	2	
349	723	2300-NSR770016	2	
349	724	2300-NSR770017	2	
349	725	2300-NSR770018	2	
349	726	2300-NSR770019	2	
349	727	2300-NSR770020	2	
349	728	2300-GB-206	2	
349	729	2300-GB-207	2	
349	730	2300-GB-208	2	
349	731	2300-GB-209	2	
349	732	2300-GB-210	2	
349	733	2300-GB-211	2	
349	734	2300-GB3-PF	2	
349	735	2300-GBJS-DFC5	2	300
349	736	D23_GB_JS_PM	1	300
349	737	2300-NSR800001	2	
349	738	2300-NSR800002	2	
349	739	2300-NSR800003	2	
349	740	2300-NSR800004	2	
349	741	2300-NSR800005	2	
349	742	2300-NSR800006	2	
349	743	2300-NSR800007	2	
349	744	2300-NSR800008	2	
349	745	2300-NSR800009	2	
349	746	2300-NSR800010	2	
349	747	2300-NSR800011	2	
349	748	2300-NSR800012	2	
349	749	2300-NSR800013	2	
349	750	2300-NSR800014	2	
349	751	2300-NSR800015	2	
349	752	2300-NSR800016	2	
349	753	2300-NSR800017	2	
349	754	2300-NSR800018	2	
349	755	2300-NSR800019	2	
349	756	2300-NSR800020	2	
349	757	2300-GB3-SYS	2	
349	758	2300-GB-109	2	
349	759	2300-GB-133	2	
349	760	2300-GB-129	2	
349	761	2300-GB-146	2	
349	762	2300-GB-148	2	
349	763	2300-GB-010	2	
349	764	2300-GB-015	2	
349	765	2300-GB-040	2	
349	766	2300-GB-042	2	
349	767	2300-GB-045	2	
349	768	2300-GB-212	2	
349	769	570-065780-001	2	300
349	770	CL_570065780001	1	300
349	771	CL_570065780001_A	1	300
349	772	2300-GB-3D2	2	300
349	773	2300-NSR810001	2	
349	774	2300-NSR810002	2	
349	775	2300-NSR810003	2	
349	776	2300-NSR810004	2	
349	777	2300-NSR810005	2	
349	778	2300-NSR810006	2	
349	779	2300-NSR810007	2	
349	780	2300-NSR810008	2	
349	781	2300-NSR810009	2	
349	782	2300-NSR810010	2	
349	783	2300-NSR810011	2	
349	784	2300-NSR810012	2	
349	785	2300-NSR810013	2	
349	786	2300-NSR810014	2	
349	787	2300-NSR810015	2	
349	788	2300-NSR810016	2	
349	789	2300-NSR810017	2	
349	790	2300-NSR810018	2	
349	791	2300-NSR810019	2	
349	792	2300-NSR810020	2	
349	793	570-003619-501	2	300
349	794	CL_570003619501	1	300
349	795	570-003619-502	2	300
349	796	CL_570003619502	1	300
349	797	570-003619-503	2	300
349	798	CL_570003619503	1	300
349	799	570-003619-504	2	300
349	800	CL_570003619504	1	300
349	801	570-034907-501	2	300
349	802	CL_570034907501	1	300
349	803	570-034907-502	2	300
349	804	CL_570034907502	1	300
349	805	570-034907-503	2	300
349	806	CL_570034907503	1	300
349	807	570-034907-504	2	300
349	808	CL_570034907504	1	300
349	809	570-034907-701	2	300
349	810	CL_570034907701	1	300
349	811	570-034907-702	2	300
349	812	CL_570034907702	1	300
349	813	570-034907-703	2	300
349	814	CL_570034907703	1	300
349	815	570-034907-704	2	300
349	816	CL_570034907704	1	300
349	817	2300-GB-300	2	
349	818	2300-GBJS-POLY1	2	300
349	819	2300-GB-134	2	
349	820	2300-GB-1091	2	
349	821	2300-GBJS-POLY2	2	300
349	822	2300-GBJS-POLY3	2	300
349	823	2300-GBJS-POLY4	2	300
349	824	2300-GBJS-POLY5	2	300
349	825	2300-GBJS-METAL1	2	300
349	826	2300-GB-135	2	
349	827	2300-GBJS-METAL3	2	300
349	828	2300-GBJS-MWSTRIP	2	300
349	829	2300-GBJS-DFC2	2	300
349	830	2300-GBJS-DFC3	2	300
349	831	2300-GBJS-DFC4	2	300
349	832	2300-GBJS-3D2	2	300
349	833	2300-GB-METAL4	2	300
349	834	2300-NSR820001	2	
349	835	2300-NSR820002	2	
349	836	2300-NSR820003	2	
349	837	2300-NSR820004	2	
349	838	2300-NSR820005	2	
349	839	2300-NSR820006	2	
349	840	2300-NSR820007	2	
349	841	2300-NSR820008	2	
349	842	2300-NSR820009	2	
349	843	2300-NSR820010	2	
349	844	2300-NSR820011	2	
349	845	2300-NSR820012	2	
349	846	2300-NSR820013	2	
349	847	2300-NSR820014	2	
349	848	2300-NSR820015	2	
349	849	2300-NSR820016	2	
349	850	2300-NSR820017	2	
349	851	2300-NSR820018	2	
349	852	2300-NSR820019	2	
349	853	2300-NSR820020	2	
349	854	2300-GBJS-METAL4	2	300
349	855	2300-GB-POLY6	2	300
349	856	2300-NSR830001	2	
349	857	2300-NSR830002	2	
349	858	2300-NSR830003	2	
349	859	2300-NSR830004	2	
349	860	2300-NSR830005	2	
349	861	2300-NSR830006	2	
349	862	2300-NSR830007	2	
349	863	2300-NSR830008	2	
349	864	2300-NSR830009	2	
349	865	2300-NSR830010	2	
349	866	2300-NSR830011	2	
349	867	2300-NSR830012	2	
349	868	2300-NSR830013	2	
349	869	2300-NSR830014	2	
349	870	2300-NSR830015	2	
349	871	2300-NSR830016	2	
349	872	2300-NSR830017	2	
349	873	2300-NSR830018	2	
349	874	2300-NSR830019	2	
349	875	2300-NSR830020	2	
349	876	2300-GBJS-POLY6	2	300
349	877	2300-GBJS-DFC6	2	300
349	878	2300-NSR840001	2	
349	879	2300-NSR840002	2	
349	880	2300-NSR840003	2	
349	881	2300-NSR840004	2	
349	882	2300-NSR840005	2	
349	883	2300-NSR840006	2	
349	884	2300-NSR840007	2	
349	885	2300-NSR840008	2	
349	886	2300-NSR840009	2	
349	887	2300-NSR840010	2	
349	888	2300-NSR840011	2	
349	889	2300-NSR840012	2	
349	890	2300-NSR840013	2	
349	891	2300-NSR840014	2	
349	892	2300-NSR840015	2	
349	893	2300-NSR840016	2	
349	894	2300-NSR840017	2	
349	895	2300-NSR840018	2	
349	896	2300-NSR840019	2	
349	897	2300-NSR840020	2	
349	898	2300-GB-150	2	
349	899	2300-GBJS-DFC7	2	300
349	900	2300-NSR850001	2	
349	901	2300-NSR850002	2	
349	902	2300-NSR850003	2	
349	903	2300-NSR850004	2	
349	904	2300-NSR850005	2	
349	905	2300-NSR850006	2	
349	906	2300-NSR850007	2	
349	907	2300-NSR850008	2	
349	908	2300-NSR850009	2	
349	909	2300-NSR850010	2	
349	910	2300-NSR850011	2	
349	911	2300-NSR850012	2	
349	912	2300-NSR850013	2	
349	913	2300-NSR850014	2	
349	914	2300-NSR850015	2	
349	915	2300-NSR850016	2	
349	916	2300-NSR850017	2	
349	917	2300-NSR850018	2	
349	918	2300-NSR850019	2	
349	919	2300-NSR850020	2	
349	920	2300-GB-DFC6	2	300
349	921	2300-GB-DFC7	2	300
349	922	2300-GB-DFC5	2	300
349	923	2300-GB-016	2	
349	924	2300-GB-DFC8	2	300
349	925	2300-NSR860001	2	
349	926	2300-NSR860002	2	
349	927	2300-NSR860003	2	
349	928	2300-NSR860004	2	
349	929	2300-NSR860005	2	
349	930	2300-NSR860006	2	
349	931	2300-NSR860007	2	
349	932	2300-NSR860008	2	
349	933	2300-NSR860009	2	
349	934	2300-NSR860010	2	
349	935	2300-NSR860011	2	
349	936	2300-NSR860012	2	
349	937	2300-NSR860013	2	
349	938	2300-NSR860014	2	
349	939	2300-NSR860015	2	
349	940	2300-NSR860016	2	
349	941	2300-NSR860017	2	
349	942	2300-NSR860018	2	
349	943	2300-NSR860019	2	
349	944	2300-NSR860020	2	
349	945	2300-GBJS-DFC8	2	300
349	946	2300-GB-213	2	
349	947	2300-GB-METAL5	2	300
349	948	2300-NSR870001	2	
349	949	2300-NSR870002	2	
349	950	2300-NSR870003	2	
349	951	2300-NSR870004	2	
349	952	2300-NSR870005	2	
349	953	2300-NSR870006	2	
349	954	2300-NSR870007	2	
349	955	2300-NSR870008	2	
349	956	2300-NSR870009	2	
349	957	2300-NSR870010	2	
349	958	2300-NSR870011	2	
349	959	2300-NSR870012	2	
349	960	2300-NSR870013	2	
349	961	2300-NSR870014	2	
349	962	2300-NSR870015	2	
349	963	2300-NSR870016	2	
349	964	2300-NSR870017	2	
349	965	2300-NSR870018	2	
349	966	2300-NSR870019	2	
349	967	2300-NSR870020	2	
349	968	2300-GBJS-METAL5	2	300
349	969	2300-GB-214	2	
349	970	2300-GBJS-DFC9	2	300
349	971	2300-NSR890001	2	
349	972	2300-NSR890002	2	
349	973	2300-NSR890003	2	
349	974	2300-NSR890004	2	
349	975	2300-NSR890005	2	
349	976	2300-NSR890006	2	
349	977	2300-NSR890007	2	
349	978	2300-NSR890008	2	
349	979	2300-NSR890009	2	
349	980	2300-NSR890010	2	
349	981	2300-NSR890011	2	
349	982	2300-NSR890012	2	
349	983	2300-NSR890013	2	
349	984	2300-NSR890014	2	
349	985	2300-NSR890015	2	
349	986	2300-NSR890016	2	
349	987	2300-NSR890017	2	
349	988	2300-NSR890018	2	
349	989	2300-NSR890019	2	
349	990	2300-NSR890020	2	
349	991	2300-GB-DFC9	2	300
349	992	2300-GB-400	2	
349	993	2300-GBJS-3D3	2	300
349	994	2300-NSR880001	2	
349	995	2300-NSR880002	2	
349	996	2300-NSR880003	2	
349	997	2300-NSR880004	2	
349	998	2300-NSR880005	2	
349	999	2300-NSR880006	2	
349	1000	2300-NSR880007	2	
349	1001	2300-NSR880008	2	
349	1002	2300-NSR880009	2	
349	1003	2300-NSR880010	2	
349	1004	2300-NSR880011	2	
349	1005	2300-NSR880012	2	
349	1006	2300-NSR880013	2	
349	1007	2300-NSR880014	2	
349	1008	2300-NSR880015	2	
349	1009	2300-NSR880016	2	
349	1010	2300-NSR880017	2	
349	1011	2300-NSR880018	2	
349	1012	2300-NSR880019	2	
349	1013	2300-NSR880020	2	
349	1014	2300-GB-2131	2	
349	1015	2300-GB-4001	2	
349	1016	570-003619-101	2	300
349	1017	CL_REFURB_GB1	1	300
349	1018	570-003619-102	2	300
349	1019	CL_REFURB_GB2	1	300
349	1020	570-003619-103	2	300
349	1021	CL_REFURB_GB3	1	300
349	1022	570-003619-104	2	300
349	1023	CL_REFURB_GB4	1	300
349	1024	570-003619-401	2	300
349	1025	570-003619-402	2	300
349	1026	570-003619-403	2	300
349	1027	570-003619-404	2	300
349	1028	570-034907-401	2	300
349	1029	CL_570034907401	1	300
349	1030	570-034907-402	2	300
349	1031	CL_570034907402	1	300
349	1032	570-034907-403	2	300
349	1033	CL_570034907403	1	300
349	1034	570-034907-404	2	300
349	1035	CL_570034907404	1	300
349	1036	2300-GB-401	2	
349	1037	2300-GB-4011	2	
349	1038	570-003619-105	2	300
349	1039	CL_570003619105	1	300
349	1040	570-003619-106	2	300
349	1041	CL_570003619106	1	300
349	1042	570-003619-405	2	300
349	1043	CL_570003619405	1	300
349	1044	570-003619-406	2	300
349	1045	CL_570003619406	1	300
349	1046	570-034907-405	2	300
349	1047	CL_570034907405	1	300
349	1048	570-034907-406	2	300
349	1049	CL_570034907406	1	300
349	1050	570-003619-505	2	300
349	1051	CL_570003619505	1	300
349	1052	570-003619-506	2	300
349	1053	CL_570003619506	1	300
349	1054	570-034907-505	2	300
349	1055	CL_570034907505	1	300
349	1056	570-034907-506	2	300
349	1057	CL_570034907506	1	300
349	1058	570-034907-705	2	300
349	1059	CL_570034907705	1	300
349	1060	570-034907-706	2	300
349	1061	CL_570034907706	1	300
349	1062	2300-GBJS-BVL1	2	300
349	1063	2300-NSR720001	2	
349	1064	2300-NSR720002	2	
349	1065	2300-NSR720003	2	
349	1066	2300-NSR720004	2	
349	1067	2300-NSR720005	2	
349	1068	2300-NSR720006	2	
349	1069	2300-NSR720007	2	
349	1070	2300-NSR720008	2	
349	1071	2300-NSR720009	2	
349	1072	2300-NSR720010	2	
349	1073	2300-NSR720011	2	
349	1074	2300-NSR720012	2	
349	1075	2300-NSR720013	2	
349	1076	2300-NSR720014	2	
349	1077	2300-NSR720015	2	
349	1078	2300-NSR720016	2	
349	1079	2300-NSR720017	2	
349	1080	2300-NSR720018	2	
349	1081	2300-NSR720019	2	
349	1082	2300-NSR720020	2	
349	1083	2300-GB-136	2	
349	1084	2300-GB-POLY7	2	300
349	1085	2300-NSR610201	2	
349	1086	2300-NSR610202	2	
349	1087	2300-NSR610203	2	
349	1088	2300-NSR610204	2	
349	1089	2300-NSR610205	2	
349	1090	2300-NSR610206	2	
349	1091	2300-NSR610207	2	
349	1092	2300-NSR610208	2	
349	1093	2300-NSR610209	2	
349	1094	2300-NSR610210	2	
349	1095	2300-NSR610211	2	
349	1096	2300-NSR610212	2	
349	1097	2300-NSR610213	2	
349	1098	2300-NSR610214	2	
349	1099	2300-NSR610215	2	
349	1100	2300-NSR610216	2	
349	1101	2300-NSR610217	2	
349	1102	2300-NSR610218	2	
349	1103	2300-NSR610219	2	
349	1104	2300-NSR610220	2	
349	1105	2300-GB-301	2	
349	1106	2300-GB-BVL1	2	300
349	1107	2300-GB-1072	2	
349	1108	2300-GB-BVL2	2	300
349	1109	2300-NSR610101	2	
349	1110	2300-NSR610102	2	
349	1111	2300-NSR610103	2	
349	1112	2300-NSR610104	2	
349	1113	2300-NSR610105	2	
349	1114	2300-NSR610106	2	
349	1115	2300-NSR610107	2	
349	1116	2300-NSR610108	2	
349	1117	2300-NSR610109	2	
349	1118	2300-NSR610110	2	
349	1119	2300-NSR610111	2	
349	1120	2300-NSR610112	2	
349	1121	2300-NSR610113	2	
349	1122	2300-NSR610114	2	
349	1123	2300-NSR610115	2	
349	1124	2300-NSR610116	2	
349	1125	2300-NSR610117	2	
349	1126	2300-NSR610118	2	
349	1127	2300-NSR610119	2	
349	1128	2300-NSR610120	2	
349	1129	2300-GBJS-BVL2	2	300
349	1130	2300-GB-028	2	
349	1131	2300-GB-DFC10	2	300
349	1132	2300-NSR610301	2	
349	1133	2300-NSR610302	2	
349	1134	2300-NSR610303	2	
349	1135	2300-NSR610304	2	
349	1136	2300-NSR610305	2	
349	1137	2300-NSR610306	2	
349	1138	2300-NSR610307	2	
349	1139	2300-NSR610308	2	
349	1140	2300-NSR610309	2	
349	1141	2300-NSR610310	2	
349	1142	2300-NSR610311	2	
349	1143	2300-NSR610312	2	
349	1144	2300-NSR610313	2	
349	1145	2300-NSR610314	2	
349	1146	2300-NSR610315	2	
349	1147	2300-NSR610316	2	
349	1148	2300-NSR610317	2	
349	1149	2300-NSR610318	2	
349	1150	2300-NSR610319	2	
349	1151	2300-NSR610320	2	
349	1152	2300-GBJS-DFC10	2	300
349	1153	2300-GB-029	2	
349	1154	2300-GBJS-DFC11	2	300
349	1155	2300-NSR610401	2	
349	1156	2300-NSR610402	2	
349	1157	2300-NSR610403	2	
349	1158	2300-NSR610404	2	
349	1159	2300-NSR610405	2	
349	1160	2300-NSR610406	2	
349	1161	2300-NSR610407	2	
349	1162	2300-NSR610408	2	
349	1163	2300-NSR610409	2	
349	1164	2300-NSR610410	2	
349	1165	2300-NSR610411	2	
349	1166	2300-NSR610412	2	
349	1167	2300-NSR610413	2	
349	1168	2300-NSR610414	2	
349	1169	2300-NSR610415	2	
349	1170	2300-NSR610416	2	
349	1171	2300-NSR610417	2	
349	1172	2300-NSR610418	2	
349	1173	2300-NSR610419	2	
349	1174	2300-NSR610420	2	
349	1175	2300-GB-POLYB	2	300
349	1176	2300-NSR610501	2	
349	1177	2300-NSR610502	2	
349	1178	2300-NSR610503	2	
349	1179	2300-NSR610504	2	
349	1180	2300-NSR610505	2	
349	1181	2300-NSR610506	2	
349	1182	2300-NSR610507	2	
349	1183	2300-NSR610508	2	
349	1184	2300-NSR610509	2	
349	1185	2300-NSR610510	2	
349	1186	2300-NSR610511	2	
349	1187	2300-NSR610512	2	
349	1188	2300-NSR610513	2	
349	1189	2300-NSR610514	2	
349	1190	2300-NSR610515	2	
349	1191	2300-NSR610516	2	
349	1192	2300-NSR610517	2	
349	1193	2300-NSR610518	2	
349	1194	2300-NSR610519	2	
349	1195	2300-NSR610520	2	
349	1196	2300-GBJS-POLYB	2	300
349	1197	2300-GB-DFC11	2	300
349	1198	2300-GB-055	2	
349	1199	2300-GB-215	2	
349	1200	2300-GB-DFC12	2	300
349	1201	2300-NSR610601	2	
349	1202	2300-NSR610602	2	
349	1203	2300-NSR610603	2	
349	1204	2300-NSR610604	2	
349	1205	2300-NSR610605	2	
349	1206	2300-NSR610606	2	
349	1207	2300-NSR610607	2	
349	1208	2300-NSR610608	2	
349	1209	2300-NSR610609	2	
349	1210	2300-NSR610610	2	
349	1211	2300-NSR610611	2	
349	1212	2300-NSR610612	2	
349	1213	2300-NSR610613	2	
349	1214	2300-NSR610614	2	
349	1215	2300-NSR610615	2	
349	1216	2300-NSR610616	2	
349	1217	2300-NSR610617	2	
349	1218	2300-NSR610618	2	
349	1219	2300-NSR610619	2	
349	1220	2300-NSR610620	2	
349	1221	2300-GBJS-DFC12	2	300
349	1222	2300-GB-036	2	
349	1223	2300-GBJS-POLY11	2	300
349	1224	2300-NSR610701	2	
349	1225	2300-NSR610702	2	
349	1226	2300-NSR610703	2	
349	1227	2300-NSR610704	2	
349	1228	2300-NSR610705	2	
349	1229	2300-NSR610706	2	
349	1230	2300-NSR610707	2	
349	1231	2300-NSR610708	2	
349	1232	2300-NSR610709	2	
349	1233	2300-NSR610710	2	
349	1234	2300-NSR610711	2	
349	1235	2300-NSR610712	2	
349	1236	2300-NSR610713	2	
349	1237	2300-NSR610714	2	
349	1238	2300-NSR610715	2	
349	1239	2300-NSR610716	2	
349	1240	2300-NSR610717	2	
349	1241	2300-NSR610718	2	
349	1242	2300-NSR610719	2	
349	1243	2300-NSR610720	2	
349	1244	2300-GB-POLY11	2	300
349	1245	2300-GBJS-DFC13	2	300
349	1246	2300-NSR610801	2	
349	1247	2300-NSR610802	2	
349	1248	2300-NSR610803	2	
349	1249	2300-NSR610804	2	
349	1250	2300-NSR610805	2	
349	1251	2300-NSR610806	2	
349	1252	2300-NSR610807	2	
349	1253	2300-NSR610808	2	
349	1254	2300-NSR610809	2	
349	1255	2300-NSR610810	2	
349	1256	2300-NSR610811	2	
349	1257	2300-NSR610812	2	
349	1258	2300-NSR610813	2	
349	1259	2300-NSR610814	2	
349	1260	2300-NSR610815	2	
349	1261	2300-NSR610816	2	
349	1262	2300-NSR610817	2	
349	1263	2300-NSR610818	2	
349	1264	2300-NSR610819	2	
349	1265	2300-NSR610820	2	
349	1266	2300-GB-216	2	
349	1267	2300-GB-217	2	
349	1268	2300-PM TYPE	2	300
349	1269	D23_PM_OPTIONS	1	300
349	1270	2300-POLY-OPTS	2	300
349	1271	D23_PROCESS_MODULE	1	300
349	1272	2300-PM-042	2	
349	1273	2300-PM-051	2	
349	1274	2300-PM-072	2	
349	1275	2300-PM-021	2	
349	1276	2300-PM-022	2	
349	1277	2300-PM-041	2	
349	1278	2300-PM-043	2	
349	1279	2300-NSR310001	2	
349	1280	2300-NSR310002	2	
349	1281	2300-NSR310003	2	
349	1282	2300-NSR310004	2	
349	1283	2300-NSR310005	2	
349	1284	2300-NSR310006	2	
349	1285	2300-NSR310007	2	
349	1286	2300-NSR310008	2	
349	1287	2300-NSR310009	2	
349	1288	2300-NSR310010	2	
349	1289	2300-PM-081	2	
349	1290	2300-PM-001	2	
349	1291	2300-PM-002	2	
349	1292	2300-PM-074	2	
349	1293	2300-PM-015	2	
349	1294	2300-PM-075	2	
349	1295	2300-PM-076	2	
349	1296	2300-PM-077	2	
349	1297	2300-PM-016	2	
349	1298	2300-PM-004	2	
349	1299	2300-PM-078	2	
349	1300	2300-PM-079	2	
349	1301	2300-PM-083	2	
349	1302	2300-PM-0721	2	
349	1303	2300-PM-0771	2	
349	1304	2300-PM-0772	2	
349	1305	2300-NSR310011	2	
349	1306	2300-NSR310012	2	
349	1307	2300-NSR310013	2	
349	1308	2300-NSR310014	2	
349	1309	2300-NSR310015	2	
349	1310	2300-NSR310016	2	
349	1311	2300-NSR310017	2	
349	1312	2300-NSR310018	2	
349	1313	2300-NSR310019	2	
349	1314	2300-NSR310020	2	
349	1315	2300-PM-0741	2	
349	1316	2300-PM-0751	2	
349	1317	2300-PM-0761	2	
349	1318	2300-PM-0773	2	
349	1319	2300-PM-0774	2	
349	1320	2300-PM-0775	2	
349	1321	2300-PM-084	2	
349	1322	2300-CSBG-1002	2	
349	1323	2300-CSBG-1003	2	
349	1324	2300-PM-270	2	
349	1325	2300-DFC-OPTS	2	300
349	1326	2300-PM-073	2	
349	1327	2300-NSR350001	2	
349	1328	2300-NSR350002	2	
349	1329	2300-NSR350003	2	
349	1330	2300-NSR350004	2	
349	1331	2300-NSR350005	2	
349	1332	2300-NSR350006	2	
349	1333	2300-NSR350007	2	
349	1334	2300-NSR350008	2	
349	1335	2300-NSR350009	2	
349	1336	2300-NSR350010	2	
349	1337	2300-PM-005	2	
349	1338	2300-PM-010	2	
349	1339	2300-PM-082	2	
349	1340	2300-PM-006	2	
349	1341	2300-PM-007	2	
349	1342	2300-PM-008	2	
349	1343	2300-PM-009	2	
349	1344	2300-PM-035	2	
349	1345	2300-PM-702	2	
349	1346	2300-NSR350011	2	
349	1347	2300-NSR350012	2	
349	1348	2300-NSR350013	2	
349	1349	2300-NSR350014	2	
349	1350	2300-NSR350015	2	
349	1351	2300-NSR350016	2	
349	1352	2300-NSR350017	2	
349	1353	2300-NSR350018	2	
349	1354	2300-NSR350019	2	
349	1355	2300-NSR350020	2	
349	1356	2300-CSBG-1000	2	
349	1357	2300-CSBG-1001	2	
349	1358	2300-PM-054	2	
349	1359	2300-PM-055	2	
349	1360	570-003368-001	2	300
349	1361	CL_570003368001	1	300
349	1362	CL_570003368001_1	1	300
349	1363	CL_570003368001_2	1	300
349	1364	CL_570003368001_3	1	300
349	1365	CL_570003368001_4	1	300
349	1366	CL_570003368001_5	1	300
349	1367	CL_570003368001_6	1	300
349	1368	CL_570003368001_S2	1	300
349	1369	2300-METAL-OPTS	2	300
349	1370	2300-NSR320001	2	
349	1371	2300-NSR320002	2	
349	1372	2300-NSR320003	2	
349	1373	2300-NSR320004	2	
349	1374	2300-NSR320005	2	
349	1375	2300-NSR320006	2	
349	1376	2300-NSR320007	2	
349	1377	2300-NSR320008	2	
349	1378	2300-NSR320009	2	
349	1379	2300-NSR320010	2	
349	1380	2300-PM-011	2	
349	1381	2300-PM-801	2	
349	1382	2300-PM-802	2	
349	1383	2300-PM-803	2	
349	1384	2300-PM-805	2	
349	1385	2300-NSR320011	2	
349	1386	2300-NSR320012	2	
349	1387	2300-NSR320013	2	
349	1388	2300-NSR320014	2	
349	1389	2300-NSR320015	2	
349	1390	2300-NSR320016	2	
349	1391	2300-NSR320017	2	
349	1392	2300-NSR320018	2	
349	1393	2300-NSR320019	2	
349	1394	2300-NSR320020	2	
349	1395	2300-CSBG-1006	2	
349	1396	2300-PM-260	2	
349	1397	2300-PM-026	2	
349	1398	2300-PM-276	2	
349	1399	2300-STRIP-OPTS	2	300
349	1400	2300-PM-071	2	
349	1401	2300-NSR330001	2	
349	1402	2300-NSR330002	2	
349	1403	2300-NSR330003	2	
349	1404	2300-NSR330004	2	
349	1405	2300-NSR330005	2	
349	1406	2300-NSR330006	2	
349	1407	2300-NSR330007	2	
349	1408	2300-NSR330008	2	
349	1409	2300-NSR330009	2	
349	1410	2300-NSR330010	2	
349	1411	2300-NSR330011	2	
349	1412	2300-NSR330012	2	
349	1413	2300-NSR330013	2	
349	1414	2300-NSR330014	2	
349	1415	2300-NSR330015	2	
349	1416	2300-NSR330016	2	
349	1417	2300-NSR330017	2	
349	1418	2300-NSR330018	2	
349	1419	2300-NSR330019	2	
349	1420	2300-NSR330020	2	
349	1421	2300-ADP-OPTS	2	300
349	1422	2300-NSR340001	2	
349	1423	2300-NSR340002	2	
349	1424	2300-NSR340003	2	
349	1425	2300-NSR340004	2	
349	1426	2300-NSR340005	2	
349	1427	2300-NSR340006	2	
349	1428	2300-NSR340007	2	
349	1429	2300-NSR340008	2	
349	1430	2300-NSR340009	2	
349	1431	2300-NSR340010	2	
349	1432	2300-POLY-001	2	
349	1433	2300-POLY-011	2	
349	1434	2300-POLY-021	2	
349	1435	2300-POLY-022	2	
349	1436	2300-POLY-023	2	
349	1437	2300-DFC-001	2	
349	1438	2300-DFC-011	2	
349	1439	2300-DFC-021	2	
349	1440	2300-DFC-022	2	
349	1441	2300-DFC-023	2	
349	1442	2300-METAL-001	2	
349	1443	2300-METAL-011	2	
349	1444	2300-METAL-021	2	
349	1445	2300-METAL-022	2	
349	1446	2300-METAL-023	2	
349	1447	2300-STRIP-001	2	
349	1448	2300-STRIP-021	2	
349	1449	2300-STRIP-022	2	
349	1450	2300-STRIP-023	2	
349	1451	2300-MWSTRIP-OPTS	2	300
349	1452	2300-NSR360001	2	
349	1453	2300-NSR360002	2	
349	1454	2300-NSR360003	2	
349	1455	2300-NSR360004	2	
349	1456	2300-NSR360005	2	
349	1457	2300-NSR360006	2	
349	1458	2300-NSR360007	2	
349	1459	2300-NSR360008	2	
349	1460	2300-NSR360009	2	
349	1461	2300-NSR360010	2	
349	1462	2300-PM-023	2	
349	1463	2300-PM-031	2	
349	1464	2300-PM-032	2	
349	1465	2300-PM-091	2	
349	1466	2300-PM-052	2	
349	1467	2300-PM-0711	2	
349	1468	2300-NSR360011	2	
349	1469	2300-NSR360012	2	
349	1470	2300-NSR360013	2	
349	1471	2300-NSR360014	2	
349	1472	2300-NSR360015	2	
349	1473	2300-NSR360016	2	
349	1474	2300-NSR360017	2	
349	1475	2300-NSR360018	2	
349	1476	2300-NSR360019	2	
349	1477	2300-NSR360020	2	
349	1478	2300-MWSTRIP-001	2	
349	1479	2300-MWSTRIP-031	2	
349	1480	2300-DFC-050	2	
349	1481	2300-DFC-051	2	
349	1482	2300-DFC2-OPTS	2	300
349	1483	2300-NSR370001	2	
349	1484	2300-NSR370002	2	
349	1485	2300-NSR370003	2	
349	1486	2300-NSR370004	2	
349	1487	2300-NSR370005	2	
349	1488	2300-NSR370006	2	
349	1489	2300-NSR370007	2	
349	1490	2300-NSR370008	2	
349	1491	2300-NSR370009	2	
349	1492	2300-NSR370010	2	
349	1493	2300-PM-036	2	
349	1494	2300-PM-037	2	
349	1495	2300-PM-038	2	
349	1496	2300-PM-0041	2	
349	1497	2300-PM-0091	2	
349	1498	2300-PM-0092	2	
349	1499	2300-PM-710	2	
349	1500	2300-PM-711	2	
349	1501	2300-NSR370011	2	
349	1502	2300-NSR370012	2	
349	1503	2300-NSR370013	2	
349	1504	2300-NSR370014	2	
349	1505	2300-NSR370015	2	
349	1506	2300-NSR370016	2	
349	1507	2300-NSR370017	2	
349	1508	2300-NSR370018	2	
349	1509	2300-NSR370019	2	
349	1510	2300-NSR370020	2	
349	1511	2300-PM-039	2	
349	1512	2300-PM-040	2	
349	1513	2300-PM-0047	2	
349	1514	2300-PM-712	2	
349	1515	2300-PM-070	2	
349	1516	2300-PM-090	2	
349	1517	2300-PM-089	2	
349	1518	2300-PM-061	2	
349	1519	2300-PM-062	2	
349	1520	2300-PM-063	2	
349	1521	2300-PM-0049	2	
349	1522	2300-PM-713	2	
349	1523	2300-PM-0052	2	
349	1524	2300-PM-0051	2	
349	1525	2300-PM-0053	2	
349	1526	2300-PM-097	2	
349	1527	2300-CSBG-1100	2	
349	1528	2300-CSBG-1101	2	
349	1529	2300-CSBG-1102	2	
349	1530	2300-CSBG-1103	2	
349	1531	2300-CSBG-1200	2	
349	1532	2300-CSBG-1201	2	
349	1533	2300-DFC2-001	2	
349	1534	2300-DFC2-011	2	
349	1535	2300-DFC2-050	2	
349	1536	2300-DFC2-051	2	
349	1537	2300-POLY2-OPTS	2	300
349	1538	2300-NSR380001	2	
349	1539	2300-NSR380002	2	
349	1540	2300-NSR380003	2	
349	1541	2300-NSR380004	2	
349	1542	2300-NSR380005	2	
349	1543	2300-NSR380006	2	
349	1544	2300-NSR380007	2	
349	1545	2300-NSR380008	2	
349	1546	2300-NSR380009	2	
349	1547	2300-NSR380010	2	
349	1548	2300-PM-003	2	
349	1549	2300-PM-024	2	
349	1550	2300-PM-044	2	
349	1551	2300-PM-0121	2	
349	1552	2300-PM-012	2	
349	1553	2300-PM-025	2	
349	1554	2300-PM-045	2	
349	1555	2300-PM-0031	2	
349	1556	2300-NSR380011	2	
349	1557	2300-NSR380012	2	
349	1558	2300-NSR380013	2	
349	1559	2300-NSR380014	2	
349	1560	2300-NSR380015	2	
349	1561	2300-NSR380016	2	
349	1562	2300-NSR380017	2	
349	1563	2300-NSR380018	2	
349	1564	2300-NSR380019	2	
349	1565	2300-NSR380020	2	
349	1566	2300-PM-085	2	
349	1567	2300-PM-230	2	
349	1568	2300-PM-231	2	
349	1569	2300-PM-241	2	
349	1570	2300-CSBG-1004	2	
349	1571	2300-CSBG-1005	2	
349	1572	2300-PM-243	2	
349	1573	2300-PM-244	2	
349	1574	2300-PM-0032	2	
349	1575	2300-PM-228	2	
349	1576	2300-PM-220	2	
349	1577	2300-PM-279	2	
349	1578	2300-PM-280	2	
349	1579	2300-POLY2-011	2	
349	1580	2300-DFC2I-OPTS	2	300
349	1581	D23I_PROCESS_MODUL	1	300
349	1582	570-003368-901	2	300
349	1583	CL_570003368901	1	300
349	1584	2300-DFC-002	2	
349	1585	2300-DFC2-002	2	
349	1586	2300-METAL2-OPTS	2	300
349	1587	2300-NSR390001	2	
349	1588	2300-NSR390002	2	
349	1589	2300-NSR390003	2	
349	1590	2300-NSR390004	2	
349	1591	2300-NSR390005	2	
349	1592	2300-NSR390006	2	
349	1593	2300-NSR390007	2	
349	1594	2300-NSR390008	2	
349	1595	2300-NSR390009	2	
349	1596	2300-NSR390010	2	
349	1597	2300-METAL2-001	2	
349	1598	2300-METAL2-011	2	
349	1599	2300-METAL-002	2	
349	1600	2300-DFC-052	2	
349	1601	2300-DFC2-052	2	
349	1602	2300-METAL-003	2	
349	1603	2300-POLY3-OPTS	2	300
349	1604	2300-NSR400001	2	
349	1605	2300-NSR400002	2	
349	1606	2300-NSR400003	2	
349	1607	2300-NSR400004	2	
349	1608	2300-NSR400005	2	
349	1609	2300-NSR400006	2	
349	1610	2300-NSR400007	2	
349	1611	2300-NSR400008	2	
349	1612	2300-NSR400009	2	
349	1613	2300-NSR400010	2	
349	1614	2300-NSR400011	2	
349	1615	2300-NSR400012	2	
349	1616	2300-NSR400013	2	
349	1617	2300-NSR400014	2	
349	1618	2300-NSR400015	2	
349	1619	2300-NSR400016	2	
349	1620	2300-NSR400017	2	
349	1621	2300-NSR400018	2	
349	1622	2300-NSR400019	2	
349	1623	2300-NSR400020	2	
349	1624	2300-POLY3-001	2	
349	1625	2300-POLY3-011	2	
349	1626	2300-DFC3-OPTS	2	300
349	1627	2300-NSR410001	2	
349	1628	2300-NSR410002	2	
349	1629	2300-NSR410003	2	
349	1630	2300-NSR410004	2	
349	1631	2300-NSR410005	2	
349	1632	2300-NSR410006	2	
349	1633	2300-NSR410007	2	
349	1634	2300-NSR410008	2	
349	1635	2300-NSR410009	2	
349	1636	2300-NSR410010	2	
349	1637	2300-PM-033	2	
349	1638	2300-PM-700	2	
349	1639	2300-PM-701	2	
349	1640	2300-NSR410011	2	
349	1641	2300-NSR410012	2	
349	1642	2300-NSR410013	2	
349	1643	2300-NSR410014	2	
349	1644	2300-NSR410015	2	
349	1645	2300-NSR410016	2	
349	1646	2300-NSR410017	2	
349	1647	2300-NSR410018	2	
349	1648	2300-NSR410019	2	
349	1649	2300-NSR410020	2	
349	1650	2300-PM-048	2	
349	1651	2300-PM-049	2	
349	1652	2300-PM-053	2	
349	1653	2300-DFC3-001	2	
349	1654	2300-DFC3-002	2	
349	1655	2300-DFC3-011	2	
349	1656	2300-DFC3-050	2	
349	1657	2300-DFC3-052	2	
349	1658	2300-POLY-015	2	
349	1659	2300-POLY2-015	2	
349	1660	2300-POLY3-015	2	
349	1661	2300-METAL-015	2	
349	1662	2300-DFC4-OPTS	2	300
349	1663	2300-NSR490001	2	
349	1664	2300-NSR490002	2	
349	1665	2300-NSR490003	2	
349	1666	2300-NSR490004	2	
349	1667	2300-NSR490005	2	
349	1668	2300-NSR490006	2	
349	1669	2300-NSR490007	2	
349	1670	2300-NSR490008	2	
349	1671	2300-NSR490009	2	
349	1672	2300-NSR490010	2	
349	1673	2300-NSR490011	2	
349	1674	2300-NSR490012	2	
349	1675	2300-NSR490013	2	
349	1676	2300-NSR490014	2	
349	1677	2300-NSR490015	2	
349	1678	2300-NSR490016	2	
349	1679	2300-NSR490017	2	
349	1680	2300-NSR490018	2	
349	1681	2300-NSR490019	2	
349	1682	2300-NSR490020	2	
349	1683	2300-PM-0045	2	
349	1684	2300-PM-0048	2	
349	1685	2300-PM-060	2	
349	1686	2300-PM-100	2	
349	1687	2300-POLY4-OPTS	2	300
349	1688	2300-NSR430001	2	
349	1689	2300-NSR430002	2	
349	1690	2300-NSR430003	2	
349	1691	2300-NSR430004	2	
349	1692	2300-NSR430005	2	
349	1693	2300-NSR430006	2	
349	1694	2300-NSR430007	2	
349	1695	2300-NSR430008	2	
349	1696	2300-NSR430009	2	
349	1697	2300-NSR430010	2	
349	1698	2300-PM-018	2	
349	1699	2300-PM-0122	2	
349	1700	2300-PM-0123	2	
349	1701	2300-NSR430011	2	
349	1702	2300-NSR430012	2	
349	1703	2300-NSR430013	2	
349	1704	2300-NSR430014	2	
349	1705	2300-NSR430015	2	
349	1706	2300-NSR430016	2	
349	1707	2300-NSR430017	2	
349	1708	2300-NSR430018	2	
349	1709	2300-NSR430019	2	
349	1710	2300-NSR430020	2	
349	1711	2300-PM-0182	2	
349	1712	2300-PM-232	2	
349	1713	2300-PM-017	2	
349	1714	2300-PM-013	2	
349	1715	2300-PM-0813	2	
349	1716	2300-PM-027	2	
349	1717	2300-PM-0121A	2	
349	1718	2300-PM-012A	2	
349	1719	2300-PM-273	2	
349	1720	2300-PM-247	2	
349	1721	2300-PM-287	2	
349	1722	2300-PM-288	2	
349	1723	2300-PM-317	2	
349	1724	2300-POLY4-001	2	
349	1725	2300-POLY4-011	2	
349	1726	2300-METAL3-OPTS	2	300
349	1727	2300-NSR440001	2	
349	1728	2300-NSR440002	2	
349	1729	2300-NSR440003	2	
349	1730	2300-NSR440004	2	
349	1731	2300-NSR440005	2	
349	1732	2300-NSR440006	2	
349	1733	2300-NSR440007	2	
349	1734	2300-NSR440008	2	
349	1735	2300-NSR440009	2	
349	1736	2300-NSR440010	2	
349	1737	2300-PM-019	2	
349	1738	2300-NSR440011	2	
349	1739	2300-NSR440012	2	
349	1740	2300-NSR440013	2	
349	1741	2300-NSR440014	2	
349	1742	2300-NSR440015	2	
349	1743	2300-NSR440016	2	
349	1744	2300-NSR440017	2	
349	1745	2300-NSR440018	2	
349	1746	2300-NSR440019	2	
349	1747	2300-NSR440020	2	
349	1748	2300-PM-394	2	
349	1749	2300-PM-399	2	
349	1750	2300-METAL3-001	2	
349	1751	2300-METAL3-011	2	
349	1752	2300-METAL3-015	2	
349	1753	2300-STRIP3-OPTS	2	300
349	1754	2300-PM-092	2	
349	1755	2300-NSR450001	2	
349	1756	2300-NSR450002	2	
349	1757	2300-NSR450003	2	
349	1758	2300-NSR450004	2	
349	1759	2300-NSR450005	2	
349	1760	2300-NSR450006	2	
349	1761	2300-NSR450007	2	
349	1762	2300-NSR450008	2	
349	1763	2300-NSR450009	2	
349	1764	2300-NSR450010	2	
349	1765	2300-PM-093	2	
349	1766	2300-PM-094	2	
349	1767	2300-PM-095	2	
349	1768	2300-PM-126	2	
349	1769	2300-NSR450011	2	
349	1770	2300-NSR450012	2	
349	1771	2300-NSR450013	2	
349	1772	2300-NSR450014	2	
349	1773	2300-NSR450015	2	
349	1774	2300-NSR450016	2	
349	1775	2300-NSR450017	2	
349	1776	2300-NSR450018	2	
349	1777	2300-NSR450019	2	
349	1778	2300-NSR450020	2	
349	1779	2300-PM-128	2	
349	1780	2300-GB-147	2	
349	1781	2300-STRIP3-001	2	
349	1782	2300-NGP1-OPTS	2	300
349	1783	2300-NSR460001	2	
349	1784	2300-NSR460002	2	
349	1785	2300-NSR460003	2	
349	1786	2300-NSR460004	2	
349	1787	2300-NSR460005	2	
349	1788	2300-NSR460006	2	
349	1789	2300-NSR460007	2	
349	1790	2300-NSR460008	2	
349	1791	2300-NSR460009	2	
349	1792	2300-NSR460010	2	
349	1793	2300-NSR460011	2	
349	1794	2300-NSR460012	2	
349	1795	2300-NSR460013	2	
349	1796	2300-NSR460014	2	
349	1797	2300-NSR460015	2	
349	1798	2300-NSR460016	2	
349	1799	2300-NSR460017	2	
349	1800	2300-NSR460018	2	
349	1801	2300-NSR460019	2	
349	1802	2300-NSR460020	2	
349	1803	2300-BVL1-OPTS	2	300
349	1804	2300-NSR420001	2	
349	1805	2300-NSR420002	2	
349	1806	2300-NSR420003	2	
349	1807	2300-NSR420004	2	
349	1808	2300-NSR420005	2	
349	1809	2300-NSR420006	2	
349	1810	2300-NSR420007	2	
349	1811	2300-NSR420008	2	
349	1812	2300-NSR420009	2	
349	1813	2300-NSR420010	2	
349	1814	2300-NSR420011	2	
349	1815	2300-NSR420012	2	
349	1816	2300-NSR420013	2	
349	1817	2300-NSR420014	2	
349	1818	2300-NSR420015	2	
349	1819	2300-NSR420016	2	
349	1820	2300-NSR420017	2	
349	1821	2300-NSR420018	2	
349	1822	2300-NSR420019	2	
349	1823	2300-NSR420020	2	
349	1824	2300-PM-129	2	
349	1825	2300-NGP1-001	2	
349	1826	2300-NGP1-002	2	
349	1827	2300-NGP1-011	2	
349	1828	2300-NGP1-050	2	
349	1829	2300-NGP1-052	2	
349	1830	2300-BVL1-002	2	
349	1831	2300-BVL1-001	2	
349	1832	2300-POLY5-OPTS	2	300
349	1833	2300-NSR480001	2	
349	1834	2300-NSR480002	2	
349	1835	2300-NSR480003	2	
349	1836	2300-NSR480004	2	
349	1837	2300-NSR480005	2	
349	1838	2300-NSR480006	2	
349	1839	2300-NSR480007	2	
349	1840	2300-NSR480008	2	
349	1841	2300-NSR480009	2	
349	1842	2300-NSR480010	2	
349	1843	2300-NSR480011	2	
349	1844	2300-NSR480012	2	
349	1845	2300-NSR480013	2	
349	1846	2300-NSR480014	2	
349	1847	2300-NSR480015	2	
349	1848	2300-NSR480016	2	
349	1849	2300-NSR480017	2	
349	1850	2300-NSR480018	2	
349	1851	2300-NSR480019	2	
349	1852	2300-NSR480020	2	
349	1853	2300-PM-080	2	
349	1854	2300-PM-0801	2	
349	1855	2300-PM-0802	2	
349	1856	2300-PM-0803	2	
349	1857	2300-PM-0804	2	
349	1858	2300-PM-0805	2	
349	1859	2300-PM-0806	2	
349	1860	2300-PM-0807	2	
349	1861	2300-PM-0808	2	
349	1862	2300-PM-0809	2	
349	1863	2300-PM-0441	2	
349	1864	2300-PM-0451	2	
349	1865	2300-PM-206	2	
349	1866	2300-PM-210	2	
349	1867	2300-PM-211	2	
349	1868	2300-PM-0811	2	
349	1869	2300-PM-246	2	
349	1870	2300-PM-245	2	
349	1871	2300-PM-0812	2	
349	1872	2300-PM-215	2	
349	1873	2300-PM-216	2	
349	1874	2300-PM-217	2	
349	1875	2300-PM-218	2	
349	1876	2300-PM-274	2	
349	1877	2300-PM-227	2	
349	1878	2300-PM-248	2	
349	1879	2300-PM-289	2	
349	1880	2300-PM-290	2	
349	1881	2300-PM-309	2	
349	1882	2300-PM-320	2	
349	1883	2300-PM-331	2	
349	1884	2300-PM-332	2	
349	1885	2300-PM-333	2	
349	1886	2300-PM-334	2	
349	1887	2300-PM-335	2	
349	1888	2300-PM-336	2	
349	1889	2300-PM-321	2	
349	1890	2300-PM-322	2	
349	1891	2300-PM-323	2	
349	1892	2300-PM-324	2	
349	1893	2300-PM-325	2	
349	1894	2300-PM-326	2	
349	1895	2300-PM-310	2	
349	1896	2300-PM-312	2	
349	1897	2300-PM-313	2	
349	1898	2300-PM-314	2	
349	1899	2300-PM-316	2	
349	1900	2300-PM-387	2	
349	1901	2300-PM-395	2	
349	1902	2300-PM-397	2	
349	1903	2300-3D1-OPTS	2	300
349	1904	2300-NSR470001	2	
349	1905	2300-NSR470002	2	
349	1906	2300-NSR470003	2	
349	1907	2300-NSR470004	2	
349	1908	2300-NSR470005	2	
349	1909	2300-NSR470006	2	
349	1910	2300-NSR470007	2	
349	1911	2300-NSR470008	2	
349	1912	2300-NSR470009	2	
349	1913	2300-NSR470010	2	
349	1914	2300-NSR470011	2	
349	1915	2300-NSR470012	2	
349	1916	2300-NSR470013	2	
349	1917	2300-NSR470014	2	
349	1918	2300-NSR470015	2	
349	1919	2300-NSR470016	2	
349	1920	2300-NSR470017	2	
349	1921	2300-NSR470018	2	
349	1922	2300-NSR470019	2	
349	1923	2300-NSR470020	2	
349	1924	2300-3D1-011	2	
349	1925	2300-3D1-015	2	
349	1926	2300-POLY5-001	2	
349	1927	2300-POLY5-011	2	
349	1928	2300-3D1-001	2	
349	1929	2300-DFC3-003	2	
349	1930	2300-POLY2-001A	2	
349	1931	2300-POLY2-001B	2	
349	1932	2300-DFC4-001	2	
349	1933	2300-DFC4-002	2	
349	1934	2300-DFC4-011	2	
349	1935	2300-DFC4-050	2	
349	1936	2300-DFC4-052	2	
349	1937	2300-SYS-010	2	
349	1938	2300-DFC5-OPTS	2	300
349	1939	2300-PM-0601	2	
349	1940	2300-PM-068	2	
349	1941	2300-NSR500001	2	
349	1942	2300-NSR500002	2	
349	1943	2300-NSR500003	2	
349	1944	2300-NSR500004	2	
349	1945	2300-NSR500005	2	
349	1946	2300-NSR500006	2	
349	1947	2300-NSR500007	2	
349	1948	2300-NSR500008	2	
349	1949	2300-NSR500009	2	
349	1950	2300-NSR500010	2	
349	1951	2300-NSR500011	2	
349	1952	2300-NSR500012	2	
349	1953	2300-NSR500013	2	
349	1954	2300-NSR500014	2	
349	1955	2300-NSR500015	2	
349	1956	2300-NSR500016	2	
349	1957	2300-NSR500017	2	
349	1958	2300-NSR500018	2	
349	1959	2300-NSR500019	2	
349	1960	2300-NSR500020	2	
349	1961	2300-PM-065	2	
349	1962	2300-PM-066	2	
349	1963	2300-PM-096	2	
349	1964	2300-PM-703	2	
349	1965	2300-PM-067	2	
349	1966	2300-PM-900	2	
349	1967	2300-PM-901	2	
349	1968	2300-PM-902	2	
349	1969	2300-PM-903	2	
349	1970	2300-PM-904	2	
349	1971	2300-PM-905	2	
349	1972	2300-PM-906	2	
349	1973	2300-PM-907	2	
349	1974	2300-PM-069	2	
349	1975	2300-PM-705	2	
349	1976	2300-PM-098	2	
349	1977	2300-PM-251	2	
349	1978	2300-PM-250	2	
349	1979	2300-PM-715	2	
349	1980	2300-DFC5-001	2	
349	1981	2300-DFC5-002	2	
349	1982	2300-DFC5-003	2	
349	1983	2300-DFC5-011	2	
349	1984	570-019244-501	2	300
349	1985	CL_570019244501	1	300
349	1986	570-019244-502	2	300
349	1987	CL_570019244502	1	300
349	1988	570-019244-503	2	300
349	1989	CL_570019244503	1	300
349	1990	570-019244-504	2	300
349	1991	CL_570019244504	1	300
349	1992	570-800096-501	2	300
349	1993	CL_570800096501	1	300
349	1994	570-800096-502	2	300
349	1995	CL_570800096502	1	300
349	1996	570-800096-503	2	300
349	1997	CL_570800096503	1	300
349	1998	570-800096-504	2	300
349	1999	CL_570800096504	1	300
349	2000	570-800096-531	2	300
349	2001	CL_570800096531	1	300
349	2002	570-800096-532	2	300
349	2003	CL_570800096532	1	300
349	2004	570-800096-533	2	300
349	2005	CL_570800096533	1	300
349	2006	570-800096-534	2	300
349	2007	CL_570800096534	1	300
349	2008	570-800096-541	2	300
349	2009	CL_570800096541	1	300
349	2010	570-800096-542	2	300
349	2011	CL_570800096542	1	300
349	2012	570-800096-543	2	300
349	2013	CL_570800096543	1	300
349	2014	570-800096-544	2	300
349	2015	CL_570800096544	1	300
349	2016	570-019244-701	2	300
349	2017	CL_570019244701	1	300
349	2018	570-019244-702	2	300
349	2019	CL_570019244702	1	300
349	2020	570-019244-703	2	300
349	2021	CL_570019244703	1	300
349	2022	570-019244-704	2	300
349	2023	CL_570019244704	1	300
349	2024	570-800096-601	2	300
349	2025	CL_570800096601	1	300
349	2026	570-800096-602	2	300
349	2027	CL_570800096602	1	300
349	2028	570-800096-603	2	300
349	2029	CL_570800096603	1	300
349	2030	570-800096-604	2	300
349	2031	CL_570800096604	1	300
349	2032	570-800096-631	2	300
349	2033	CL_570800096631	1	300
349	2034	570-800096-632	2	300
349	2035	CL_570800096632	1	300
349	2036	570-800096-633	2	300
349	2037	CL_570800096633	1	300
349	2038	570-800096-634	2	300
349	2039	CL_570800096634	1	300
349	2040	570-800096-641	2	300
349	2041	CL_570800096641	1	300
349	2042	570-800096-642	2	300
349	2043	CL_570800096642	1	300
349	2044	570-800096-643	2	300
349	2045	CL_570800096643	1	300
349	2046	570-800096-644	2	300
349	2047	CL_570800096644	1	300
349	2048	2300-3D2-OPTS	2	300
349	2049	2300-NSR510001	2	
349	2050	2300-NSR510002	2	
349	2051	2300-NSR510003	2	
349	2052	2300-NSR510004	2	
349	2053	2300-NSR510005	2	
349	2054	2300-NSR510006	2	
349	2055	2300-NSR510007	2	
349	2056	2300-NSR510008	2	
349	2057	2300-NSR510009	2	
349	2058	2300-NSR510010	2	
349	2059	2300-NSR510011	2	
349	2060	2300-NSR510012	2	
349	2061	2300-NSR510013	2	
349	2062	2300-NSR510014	2	
349	2063	2300-NSR510015	2	
349	2064	2300-NSR510016	2	
349	2065	2300-NSR510017	2	
349	2066	2300-NSR510018	2	
349	2067	2300-NSR510019	2	
349	2068	2300-NSR510020	2	
349	2069	2300-PM-0810	2	
349	2070	2300-PM-258	2	
349	2071	2300-3D2-001	2	
349	2072	2300-3D2-011	2	
349	2073	2300-METAL4-OPTS	2	300
349	2074	2300-NSR520001	2	
349	2075	2300-NSR520002	2	
349	2076	2300-NSR520003	2	
349	2077	2300-NSR520004	2	
349	2078	2300-NSR520005	2	
349	2079	2300-NSR520006	2	
349	2080	2300-NSR520007	2	
349	2081	2300-NSR520008	2	
349	2082	2300-NSR520009	2	
349	2083	2300-NSR520010	2	
349	2084	2300-NSR520011	2	
349	2085	2300-NSR520012	2	
349	2086	2300-NSR520013	2	
349	2087	2300-NSR520014	2	
349	2088	2300-NSR520015	2	
349	2089	2300-NSR520016	2	
349	2090	2300-NSR520017	2	
349	2091	2300-NSR520018	2	
349	2092	2300-NSR520019	2	
349	2093	2300-NSR520020	2	
349	2094	2300-PM-240	2	
349	2095	2300-PM-271	2	
349	2096	2300-PM-219	2	
349	2097	2300-PM-253	2	
349	2098	2300-PM-291	2	
349	2099	2300-METAL4-001	2	
349	2100	2300-METAL4-011	2	
349	2101	2300-POLY6-OPTS	2	300
349	2102	2300-NSR530001	2	
349	2103	2300-NSR530002	2	
349	2104	2300-NSR530003	2	
349	2105	2300-NSR530004	2	
349	2106	2300-NSR530005	2	
349	2107	2300-NSR530006	2	
349	2108	2300-NSR530007	2	
349	2109	2300-NSR530008	2	
349	2110	2300-NSR530009	2	
349	2111	2300-NSR530010	2	
349	2112	2300-NSR530011	2	
349	2113	2300-NSR530012	2	
349	2114	2300-NSR530013	2	
349	2115	2300-NSR530014	2	
349	2116	2300-NSR530015	2	
349	2117	2300-NSR530016	2	
349	2118	2300-NSR530017	2	
349	2119	2300-NSR530018	2	
349	2120	2300-NSR530019	2	
349	2121	2300-NSR530020	2	
349	2122	2300-PM-200	2	
349	2123	2300-PM-201	2	
349	2124	2300-PM-202	2	
349	2125	2300-PM-203	2	
349	2126	2300-PM-204	2	
349	2127	2300-PM-205	2	
349	2128	2300-PM-207	2	
349	2129	2300-PM-208	2	
349	2130	2300-PM-209	2	
349	2131	2300-PM-221	2	
349	2132	2300-PM-222	2	
349	2133	2300-PM-223	2	
349	2134	2300-PM-224	2	
349	2135	2300-PM-225	2	
349	2136	2300-PM-226	2	
349	2137	2300-PM-234	2	
349	2138	2300-PM-235	2	
349	2139	2300-PM-236	2	
349	2140	2300-PM-275	2	
349	2141	2300-PM-249	2	
349	2142	2300-PM-261	2	
349	2143	2300-PM-262	2	
349	2144	2300-PM-263	2	
349	2145	2300-PM-264	2	
349	2146	2300-PM-265	2	
349	2147	2300-PM-267	2	
349	2148	2300-PM-281	2	
349	2149	2300-PM-282	2	
349	2150	2300-PM-283	2	
349	2151	2300-PM-284	2	
349	2152	2300-PM-285	2	
349	2153	2300-PM-286	2	
349	2154	2300-PM-268	2	
349	2155	2300-PM-269	2	
349	2156	2300-PM-345	2	
349	2157	2300-PM-346	2	
349	2158	2300-PM-347	2	
349	2159	2300-PM-348	2	
349	2160	2300-PM-349	2	
349	2161	2300-PM-350	2	
349	2162	2300-PM-374	2	
349	2163	2300-PM-386	2	
349	2164	2300-PM-388	2	
349	2165	2300-PM-396	2	
349	2166	2300-PM-398	2	
349	2167	2300-POLY6-001	2	
349	2168	2300-POLY6-011	2	
349	2169	2300-BVL1-001A	2	
349	2170	2300-DFC6-OPTS	2	300
349	2171	2300-NSR540001	2	
349	2172	2300-NSR540002	2	
349	2173	2300-NSR540003	2	
349	2174	2300-NSR540004	2	
349	2175	2300-NSR540005	2	
349	2176	2300-NSR540006	2	
349	2177	2300-NSR540007	2	
349	2178	2300-NSR540008	2	
349	2179	2300-NSR540009	2	
349	2180	2300-NSR540010	2	
349	2181	2300-NSR540011	2	
349	2182	2300-NSR540012	2	
349	2183	2300-NSR540013	2	
349	2184	2300-NSR540014	2	
349	2185	2300-NSR540015	2	
349	2186	2300-NSR540016	2	
349	2187	2300-NSR540017	2	
349	2188	2300-NSR540018	2	
349	2189	2300-NSR540019	2	
349	2190	2300-NSR540020	2	
349	2191	2300-PM-046	2	
349	2192	2300-DFC7-OPTS	2	300
349	2193	2300-NSR550001	2	
349	2194	2300-NSR550002	2	
349	2195	2300-NSR550003	2	
349	2196	2300-NSR550004	2	
349	2197	2300-NSR550005	2	
349	2198	2300-NSR550006	2	
349	2199	2300-NSR550007	2	
349	2200	2300-NSR550008	2	
349	2201	2300-NSR550009	2	
349	2202	2300-NSR550010	2	
349	2203	2300-NSR550011	2	
349	2204	2300-NSR550012	2	
349	2205	2300-NSR550013	2	
349	2206	2300-NSR550014	2	
349	2207	2300-NSR550015	2	
349	2208	2300-NSR550016	2	
349	2209	2300-NSR550017	2	
349	2210	2300-NSR550018	2	
349	2211	2300-NSR550019	2	
349	2212	2300-NSR550020	2	
349	2213	2300-PM-704	2	
349	2214	2300-DFC6-001	2	
349	2215	2300-DFC6-002	2	
349	2216	2300-DFC7-001	2	
349	2217	2300-DFC7-002	2	
349	2218	2300-DFC8-OPTS	2	300
349	2219	2300-NSR560001	2	
349	2220	2300-NSR560002	2	
349	2221	2300-NSR560003	2	
349	2222	2300-NSR560004	2	
349	2223	2300-NSR560005	2	
349	2224	2300-NSR560006	2	
349	2225	2300-NSR560007	2	
349	2226	2300-NSR560008	2	
349	2227	2300-NSR560009	2	
349	2228	2300-NSR560010	2	
349	2229	2300-NSR560011	2	
349	2230	2300-NSR560012	2	
349	2231	2300-NSR560013	2	
349	2232	2300-NSR560014	2	
349	2233	2300-NSR560015	2	
349	2234	2300-NSR560016	2	
349	2235	2300-NSR560017	2	
349	2236	2300-NSR560018	2	
349	2237	2300-NSR560019	2	
349	2238	2300-NSR560020	2	
349	2239	2300-PM-714	2	
349	2240	2300-DFC8-001	2	
349	2241	2300-DFC8-002	2	
349	2242	2300-DFC6-003	2	
349	2243	2300-DFC7-003	2	
349	2244	2300-DFC8-003	2	
349	2245	2300-POLY5-002	2	
349	2246	2300-METAL5-OPTS	2	300
349	2247	2300-NSR570001	2	
349	2248	2300-NSR570002	2	
349	2249	2300-NSR570003	2	
349	2250	2300-NSR570004	2	
349	2251	2300-NSR570005	2	
349	2252	2300-NSR570006	2	
349	2253	2300-NSR570007	2	
349	2254	2300-NSR570008	2	
349	2255	2300-NSR570009	2	
349	2256	2300-NSR570010	2	
349	2257	2300-NSR570011	2	
349	2258	2300-NSR570012	2	
349	2259	2300-NSR570013	2	
349	2260	2300-NSR570014	2	
349	2261	2300-NSR570015	2	
349	2262	2300-NSR570016	2	
349	2263	2300-NSR570017	2	
349	2264	2300-NSR570018	2	
349	2265	2300-NSR570019	2	
349	2266	2300-NSR570020	2	
349	2267	2300-PM-212	2	
349	2268	2300-PM-213	2	
349	2269	2300-PM-272	2	
349	2270	2300-PM-252	2	
349	2271	2300-PM-277	2	
349	2272	2300-PM-278	2	
349	2273	2300-PM-328	2	
349	2274	2300-PM-329	2	
349	2275	2300-PM-337	2	
349	2276	2300-PM-338	2	
349	2277	2300-PM-340	2	
349	2278	2300-PM-330	2	
349	2279	2300-PM-341	2	
349	2280	2300-PM-342	2	
349	2281	2300-PM-351	2	
349	2282	2300-PM-352	2	
349	2283	2300-PM-353	2	
349	2284	2300-PM-354	2	
349	2285	2300-PM-355	2	
349	2286	2300-PM-356	2	
349	2287	2300-PM-385	2	
349	2288	2300-PM-392	2	
349	2289	2300-METAL5-001	2	
349	2290	2300-METAL5-011	2	
349	2291	2300-3D3-OPTS	2	300
349	2292	2300-NSR580001	2	
349	2293	2300-NSR580002	2	
349	2294	2300-NSR580003	2	
349	2295	2300-NSR580004	2	
349	2296	2300-NSR580005	2	
349	2297	2300-NSR580006	2	
349	2298	2300-NSR580007	2	
349	2299	2300-NSR580008	2	
349	2300	2300-NSR580009	2	
349	2301	2300-NSR580010	2	
349	2302	2300-NSR580011	2	
349	2303	2300-NSR580012	2	
349	2304	2300-NSR580013	2	
349	2305	2300-NSR580014	2	
349	2306	2300-NSR580015	2	
349	2307	2300-NSR580016	2	
349	2308	2300-NSR580017	2	
349	2309	2300-NSR580018	2	
349	2310	2300-NSR580019	2	
349	2311	2300-NSR580020	2	
349	2312	2300-PM-242	2	
349	2313	2300-PM-229	2	
349	2314	2300-PM-255	2	
349	2315	2300-PM-256	2	
349	2316	2300-PM-257	2	
349	2317	2300-PM-308	2	
349	2318	2300-PM-344	2	
349	2319	2300-PM-343	2	
349	2320	2300-DFC9-OPTS	2	300
349	2321	2300-NSR590001	2	
349	2322	2300-NSR590002	2	
349	2323	2300-NSR590003	2	
349	2324	2300-NSR590004	2	
349	2325	2300-NSR590005	2	
349	2326	2300-NSR590006	2	
349	2327	2300-NSR590007	2	
349	2328	2300-NSR590008	2	
349	2329	2300-NSR590009	2	
349	2330	2300-NSR590010	2	
349	2331	2300-NSR590011	2	
349	2332	2300-NSR590012	2	
349	2333	2300-NSR590013	2	
349	2334	2300-NSR590014	2	
349	2335	2300-NSR590015	2	
349	2336	2300-NSR590016	2	
349	2337	2300-NSR590017	2	
349	2338	2300-NSR590018	2	
349	2339	2300-NSR590019	2	
349	2340	2300-NSR590020	2	
349	2341	2300-PM-099	2	
349	2342	2300-PM-034	2	
349	2343	2300-DFC9-001	2	
349	2344	2300-DFC9-002	2	
349	2345	2300-3D3-001	2	
349	2346	2300-3D3-011	2	
349	2347	570-800096-505	2	300
349	2348	CL_570800096505	1	300
349	2349	570-800096-506	2	300
349	2350	CL_570800096506	1	300
349	2351	570-800096-535	2	300
349	2352	CL_570800096535	1	300
349	2353	570-800096-536	2	300
349	2354	CL_570800096536	1	300
349	2355	570-800096-545	2	300
349	2356	CL_570800096545	1	300
349	2357	570-800096-546	2	300
349	2358	CL_570800096546	1	300
349	2359	570-800096-605	2	300
349	2360	CL_570800096605	1	300
349	2361	570-800096-606	2	300
349	2362	CL_570800096606	1	300
349	2363	570-800096-635	2	300
349	2364	CL_570800096635	1	300
349	2365	570-800096-636	2	300
349	2366	CL_570800096636	1	300
349	2367	570-800096-645	2	300
349	2368	CL_570800096645	1	300
349	2369	570-800096-646	2	300
349	2370	CL_570800096646	1	300
349	2371	570-800096-655	2	300
349	2372	CL_570800096655	1	300
349	2373	570-800096-656	2	300
349	2374	CL_570800096656	1	300
349	2375	570-800096-611	2	300
349	2376	CL_570800096611	1	300
349	2377	570-800096-612	2	300
349	2378	CL_570800096612	1	300
349	2379	570-800096-613	2	300
349	2380	CL_570800096613	1	300
349	2381	570-800096-614	2	300
349	2382	CL_570800096614	1	300
349	2383	570-800096-615	2	300
349	2384	CL_570800096615	1	300
349	2385	570-800096-616	2	300
349	2386	CL_570800096616	1	300
349	2387	570-800096-651	2	300
349	2388	CL_570800096651	1	300
349	2389	570-800096-652	2	300
349	2390	CL_570800096652	1	300
349	2391	570-800096-653	2	300
349	2392	CL_570800096653	1	300
349	2393	570-800096-654	2	300
349	2394	CL_570800096654	1	300
349	2395	570-019244-505	2	300
349	2396	CL_570019244505	1	300
349	2397	570-019244-506	2	300
349	2398	CL_570019244506	1	300
349	2399	570-019244-705	2	300
349	2400	CL_570019244705	1	300
349	2401	570-019244-706	2	300
349	2402	CL_570019244706	1	300
349	2403	570-044177-701	2	300
349	2404	CL_570044177701	1	300
349	2405	570-044177-702	2	300
349	2406	CL_570044177702	1	300
349	2407	570-044177-703	2	300
349	2408	CL_570044177703	1	300
349	2409	570-044177-704	2	300
349	2410	CL_570044177704	1	300
349	2411	570-044177-705	2	300
349	2412	CL_570044177705	1	300
349	2413	570-044177-706	2	300
349	2414	CL_570044177706	1	300
349	2415	570-800096-551	2	300
349	2416	CL_570800096551	1	300
349	2417	570-800096-552	2	300
349	2418	CL_570800096552	1	300
349	2419	570-800096-553	2	300
349	2420	CL_570800096553	1	300
349	2421	570-800096-554	2	300
349	2422	CL_570800096554	1	300
349	2423	570-800096-555	2	300
349	2424	CL_570800096555	1	300
349	2425	570-800096-556	2	300
349	2426	CL_570800096556	1	300
349	2427	570-800096-511	2	300
349	2428	CL_570800096511	1	300
349	2429	570-800096-512	2	300
349	2430	CL_570800096512	1	300
349	2431	570-800096-513	2	300
349	2432	CL_570800096513	1	300
349	2433	570-800096-514	2	300
349	2434	CL_570800096514	1	300
349	2435	570-800096-515	2	300
349	2436	CL_570800096515	1	300
349	2437	570-800096-516	2	300
349	2438	CL_570800096516	1	300
349	2439	2300-BVL2-OPTS	2	300
349	2440	2300-NSR310101	2	
349	2441	2300-NSR310102	2	
349	2442	2300-NSR310103	2	
349	2443	2300-NSR310104	2	
349	2444	2300-NSR310105	2	
349	2445	2300-NSR310106	2	
349	2446	2300-NSR310107	2	
349	2447	2300-NSR310108	2	
349	2448	2300-NSR310109	2	
349	2449	2300-NSR310110	2	
349	2450	2300-NSR310111	2	
349	2451	2300-NSR310112	2	
349	2452	2300-NSR310113	2	
349	2453	2300-NSR310114	2	
349	2454	2300-NSR310115	2	
349	2455	2300-NSR310116	2	
349	2456	2300-NSR310117	2	
349	2457	2300-NSR310118	2	
349	2458	2300-NSR310119	2	
349	2459	2300-NSR310120	2	
349	2460	2300-PM-311	2	
349	2461	2300-PM-088	2	
349	2462	2300-PM-0881	2	
349	2463	2300-PM-086	2	
349	2464	2300-PM-087	2	
349	2465	2300-BVL2-001	2	
349	2466	2300-BVL2-002	2	
349	2467	2300-POLY7-OPTS	2	300
349	2468	2300-NSR310201	2	
349	2469	2300-NSR310202	2	
349	2470	2300-NSR310203	2	
349	2471	2300-NSR310204	2	
349	2472	2300-NSR310205	2	
349	2473	2300-NSR310206	2	
349	2474	2300-NSR310207	2	
349	2475	2300-NSR310208	2	
349	2476	2300-NSR310209	2	
349	2477	2300-NSR310210	2	
349	2478	2300-NSR310211	2	
349	2479	2300-NSR310212	2	
349	2480	2300-NSR310213	2	
349	2481	2300-NSR310214	2	
349	2482	2300-NSR310215	2	
349	2483	2300-NSR310216	2	
349	2484	2300-NSR310217	2	
349	2485	2300-NSR310218	2	
349	2486	2300-NSR310219	2	
349	2487	2300-NSR310220	2	
349	2488	2300-PM-390	2	
349	2489	2300-POLY7-001	2	
349	2490	2300-POLY7-011	2	
349	2491	2300-DFC10-OPTS	2	300
349	2492	2300-NSR310301	2	
349	2493	2300-NSR310302	2	
349	2494	2300-NSR310303	2	
349	2495	2300-NSR310304	2	
349	2496	2300-NSR310305	2	
349	2497	2300-NSR310306	2	
349	2498	2300-NSR310307	2	
349	2499	2300-NSR310308	2	
349	2500	2300-NSR310309	2	
349	2501	2300-NSR310310	2	
349	2502	2300-NSR310311	2	
349	2503	2300-NSR310312	2	
349	2504	2300-NSR310313	2	
349	2505	2300-NSR310314	2	
349	2506	2300-NSR310315	2	
349	2507	2300-NSR310316	2	
349	2508	2300-NSR310317	2	
349	2509	2300-NSR310318	2	
349	2510	2300-NSR310319	2	
349	2511	2300-NSR310320	2	
349	2512	2300-PM-294	2	
349	2513	2300-PM-404	2	
349	2514	2300-PM-029	2	
349	2515	2300-DFC10-001	2	
349	2516	2300-DFC10-002	2	
349	2517	2300-BVL2-004	2	
349	2518	2300-PM-254	2	
349	2519	2300-BVL2-005	2	
349	2520	2300-PM-101	2	
349	2521	2300-DFC11-OPTS	2	300
349	2522	2300-NSR310401	2	
349	2523	2300-NSR310402	2	
349	2524	2300-NSR310403	2	
349	2525	2300-NSR310404	2	
349	2526	2300-NSR310405	2	
349	2527	2300-NSR310406	2	
349	2528	2300-NSR310407	2	
349	2529	2300-NSR310408	2	
349	2530	2300-NSR310409	2	
349	2531	2300-NSR310410	2	
349	2532	2300-NSR310411	2	
349	2533	2300-NSR310412	2	
349	2534	2300-NSR310413	2	
349	2535	2300-NSR310414	2	
349	2536	2300-NSR310415	2	
349	2537	2300-NSR310416	2	
349	2538	2300-NSR310417	2	
349	2539	2300-NSR310418	2	
349	2540	2300-NSR310419	2	
349	2541	2300-NSR310420	2	
349	2542	2300-PM-020	2	
349	2543	2300-PM-014	2	
349	2544	2300-PM-028	2	
349	2545	2300-DFC11-001	2	
349	2546	2300-DFC11-002	2	
349	2547	2300-POLYB-OPTS	2	300
349	2548	2300-PM-292	2	
349	2549	2300-PM-293	2	
349	2550	2300-PM-295	2	
349	2551	2300-PM-296	2	
349	2552	2300-PM-297	2	
349	2553	2300-PM-298	2	
349	2554	2300-PM-299	2	
349	2555	2300-PM-300	2	
349	2556	2300-PM-301	2	
349	2557	2300-PM-302	2	
349	2558	2300-PM-303	2	
349	2559	2300-PM-304	2	
349	2560	2300-PM-305	2	
349	2561	2300-PM-306	2	
349	2562	2300-PM-307	2	
349	2563	2300-NSR310501	2	
349	2564	2300-NSR310502	2	
349	2565	2300-NSR310503	2	
349	2566	2300-NSR310504	2	
349	2567	2300-NSR310505	2	
349	2568	2300-NSR310506	2	
349	2569	2300-NSR310507	2	
349	2570	2300-NSR310508	2	
349	2571	2300-NSR310509	2	
349	2572	2300-NSR310510	2	
349	2573	2300-NSR310511	2	
349	2574	2300-NSR310512	2	
349	2575	2300-NSR310513	2	
349	2576	2300-NSR310514	2	
349	2577	2300-NSR310515	2	
349	2578	2300-NSR310516	2	
349	2579	2300-NSR310517	2	
349	2580	2300-NSR310518	2	
349	2581	2300-NSR310519	2	
349	2582	2300-NSR310520	2	
349	2583	2300-POLY9-001	2	
349	2584	2300-POLY10-001	2	
349	2585	2300-POLY9-011	2	
349	2586	2300-POLY10-011	2	
349	2587	2300-POLY6-002	2	
349	2588	2300-POLY5-003	2	
349	2589	2300-METAL5-002	2	
349	2590	2300-METAL5-003	2	
349	2591	2300-DFC12-OPTS	2	300
349	2592	2300-NSR310601	2	
349	2593	2300-NSR310602	2	
349	2594	2300-NSR310603	2	
349	2595	2300-NSR310604	2	
349	2596	2300-NSR310605	2	
349	2597	2300-NSR310606	2	
349	2598	2300-NSR310607	2	
349	2599	2300-NSR310608	2	
349	2600	2300-NSR310609	2	
349	2601	2300-NSR310610	2	
349	2602	2300-NSR310611	2	
349	2603	2300-NSR310612	2	
349	2604	2300-NSR310613	2	
349	2605	2300-NSR310614	2	
349	2606	2300-NSR310615	2	
349	2607	2300-NSR310616	2	
349	2608	2300-NSR310617	2	
349	2609	2300-NSR310618	2	
349	2610	2300-NSR310619	2	
349	2611	2300-NSR310620	2	
349	2612	2300-DFC12-001	2	
349	2613	2300-DFC12-002	2	
349	2614	2300-DFC12-011	2	
349	2615	2300-POLY11-OPTS	2	300
349	2616	2300-PM-357	2	
349	2617	2300-PM-358	2	
349	2618	2300-NSR310701	2	
349	2619	2300-NSR310702	2	
349	2620	2300-NSR310703	2	
349	2621	2300-NSR310704	2	
349	2622	2300-NSR310705	2	
349	2623	2300-NSR310706	2	
349	2624	2300-NSR310707	2	
349	2625	2300-NSR310708	2	
349	2626	2300-NSR310709	2	
349	2627	2300-NSR310710	2	
349	2628	2300-NSR310711	2	
349	2629	2300-NSR310712	2	
349	2630	2300-NSR310713	2	
349	2631	2300-NSR310714	2	
349	2632	2300-NSR310715	2	
349	2633	2300-NSR310716	2	
349	2634	2300-NSR310717	2	
349	2635	2300-NSR310718	2	
349	2636	2300-NSR310719	2	
349	2637	2300-NSR310720	2	
349	2638	2300-PM-359	2	
349	2639	2300-PM-360	2	
349	2640	2300-PM-361	2	
349	2641	2300-PM-368	2	
349	2642	2300-PM-362	2	
349	2643	2300-PM-363	2	
349	2644	2300-PM-364	2	
349	2645	2300-PM-365	2	
349	2646	2300-PM-366	2	
349	2647	2300-PM-367	2	
349	2648	2300-PM-370	2	
349	2649	2300-PM-371	2	
349	2650	2300-PM-372	2	
349	2651	2300-PM-373	2	
349	2652	2300-PM-375	2	
349	2653	2300-PM-376	2	
349	2654	2300-PM-377	2	
349	2655	2300-PM-378	2	
349	2656	2300-PM-379	2	
349	2657	2300-PM-380	2	
349	2658	2300-PM-381	2	
349	2659	2300-PM-382	2	
349	2660	2300-PM-383	2	
349	2661	2300-PM-384	2	
349	2662	2300-PM-369	2	
349	2663	2300-PM-389	2	
349	2664	2300-PM-391	2	
349	2665	2300-POLY11-001	2	
349	2666	2300-POLY11-011	2	
349	2667	2300-DFC13-001	2	
349	2668	2300-DFC13-002	2	
349	2669	2300-DFC13-003	2	
349	2670	2300-DFC13-004	2	
349	2671	2300-DFC13-OPTS	2	300
349	2672	2300-PM-721	2	
349	2673	2300-NSR310801	2	
349	2674	2300-NSR310802	2	
349	2675	2300-NSR310803	2	
349	2676	2300-NSR310804	2	
349	2677	2300-NSR310805	2	
349	2678	2300-NSR310806	2	
349	2679	2300-NSR310807	2	
349	2680	2300-NSR310808	2	
349	2681	2300-NSR310809	2	
349	2682	2300-NSR310810	2	
349	2683	2300-NSR310811	2	
349	2684	2300-NSR310812	2	
349	2685	2300-NSR310813	2	
349	2686	2300-NSR310814	2	
349	2687	2300-NSR310815	2	
349	2688	2300-NSR310816	2	
349	2689	2300-NSR310817	2	
349	2690	2300-NSR310818	2	
349	2691	2300-NSR310819	2	
349	2692	2300-NSR310820	2	
349	2693	2300-POLY11-002	2	
349	2694	2300-SYS-100	2	
349	2695	2300-SYS-101	2	
349	2696	2300-SYS-102	2	
349	2697	2300-SYS-103	2	
349	2698	2300-SYS-104	2	
349	2699	2300-SYS-105	2	
349	2700	2300-SYS-106	2	
349	2701	2300-SYS-107	2	
349	2702	2300-SYS-108	2	
349	2703	2300-SYS-109	2	
349	2704	2300-SYS-110	2	
349	2705	2300-SYS-111	2	
349	2706	2300-SYS-112	2	
349	2707	2300-SYS-113	2	
349	2708	2300-SYS-114	2	
349	2709	2300-SYS-115	2	
349	2710	2300-SYS-116	2	
349	2711	2300-SYS-117	2	
349	2712	2300-SYS-118	2	
349	2713	2300-SYS-119	2	
349	2714	2300-SYS-120	2	
349	2715	2300-SYS-121	2	
349	2716	2300-SYS-122	2	
349	2717	2300-200POLY-1	2	
349	2718	2300-200POLY-2	2	
349	2719	2300-200POLY-3	2	
349	2720	2300-200POLY-4	2	
349	2721	2300-300POLY-1	2	
349	2722	2300-300POLY-2	2	
349	2723	2300-300POLY-3	2	
349	2724	2300-300POLY-4	2	
349	2725	2300-300DFC-1	2	
349	2726	2300-300DFC-2	2	
349	2727	2300-300DFC-3	2	
349	2728	2300-300DFC-4	2	
349	2729	2300-METAL-1	2	
349	2730	2300-METAL-2	2	
349	2731	2300-METAL-3	2	
349	2732	2300-METAL-4	2	
349	2733	2300-MTL/STP-1	2	
349	2734	2300-MTL/STP-2	2	
349	2735	2300-MIX PM-2	2	
349	2736	2300-MIX PM-3	2	
349	2737	2300-MIX PM-4	2	
349	2738	2300-200ADP-1	2	
349	2739	2300-200ADP-2	2	
349	2740	2300-200ADP-3	2	
349	2741	2300-200ADP-4	2	
349	2742	2300-300ADP-1	2	
349	2743	2300-300ADP-2	2	
349	2744	2300-300ADP-3	2	
349	2745	2300-300ADP-4	2	
349	2746	2300-300POLY-PM	2	
349	2747	2300-200POLY-PM	2	
349	2748	2300-300DFC-PM	2	
349	2749	2300-METAL-PM	2	
349	2750	2300-STRIP-PM	2	
349	2751	2300-300ADP-PM	2	
349	2752	2300-200ADP-PM	2	
349	2753	2300-TM	2	
349	2754	2300-STRIP-1	2	
349	2755	2300-STRIP-2	2	
349	2756	2300-STRIP-3	2	
349	2757	2300-STRIP-4	2	
349	2758	2300-NSR010001	2	
349	2759	2300-NSR010002	2	
349	2760	2300-NSR010003	2	
349	2761	2300-NSR010004	2	
349	2762	2300-NSR010005	2	
349	2763	2300-NSR010006	2	
349	2764	2300-NSR010007	2	
349	2765	2300-NSR010008	2	
349	2766	2300-NSR010009	2	
349	2767	2300-NSR010010	2	
349	2768	GB-SHIP-1000-SQ	2	
349	2769	2300-200DFC-1	2	
349	2770	2300-200DFC-2	2	
349	2771	2300-200DFC-3	2	
349	2772	2300-200DFC-4	2	
349	2773	2300-200DFC-PM	2	
349	2774	2300-GI-001	2	
349	2775	2300-MWSTRIP-PM	2	
349	2776	2300-MWSTRIP-1	2	
349	2777	2300-MWSTRIP-2	2	
349	2778	2300-MWSTRIP-3	2	
349	2779	2300-MWSTRIP-4	2	
349	2780	2300-MTL/MWSTP-1	2	
349	2781	2300-MTL/MWSTP-2	2	
349	2782	2300-300DFC2-2	2	
349	2783	2300-300DFC2-1	2	
349	2784	2300-300DFC2-3	2	
349	2785	2300-300DFC2-4	2	
349	2786	2300-200DFC2-1	2	
349	2787	2300-200DFC2-2	2	
349	2788	2300-200DFC2-3	2	
349	2789	2300-200DFC2-4	2	
349	2790	2300-300DFC2-PM	2	
349	2791	2300-200DFC2-PM	2	
349	2792	2300-GI-001-PF	2	
349	2793	TM-SHIP-1000-SQ	2	
349	2794	2300-DISC1	2	
349	2795	2300-DISC2	2	
349	2796	2300-DISC3	2	
349	2797	2300-DISC4	2	
349	2798	2300-300DFC3-PM	2	
349	2799	2300-SYS-SQ	2	
349	2800	2300-TM2	2	
349	2801	2300-300FLEX-PM	2	
349	2802	2300-200FLEX-PM	2	
349	2803	2300-200FLEX2-PM	2	
349	2804	2300-300FLEX2-PM	2	
349	2805	2300-300FLEX3-PM	2	
349	2806	2300-200FLEX3-PM	2	
349	2807	2300-SW	2	300
349	2808	D23_SW	1	300
349	2809	2300-SW-001	2	
349	2810	2300-SW-002	2	
349	2811	2300-SW-020	2	
349	2812	2300-SW-021	2	
349	2813	2300-SW-022	2	
349	2814	2300-SW-023	2	
349	2815	2300-SW-024	2	
349	2816	2300-SW-025	2	
349	2817	2300-SW-026	2	
349	2818	2300-SW-027	2	
349	2819	2300-SW-300	2	
349	2820	2300-SW-500	2	
349	2821	2300-NSR040001	2	
349	2822	2300-NSR040002	2	
349	2823	2300-NSR040003	2	
349	2824	2300-NSR040004	2	
349	2825	2300-NSR040005	2	
349	2826	2300-NSR040006	2	
349	2827	2300-NSR040007	2	
349	2828	2300-NSR040008	2	
349	2829	2300-NSR040009	2	
349	2830	2300-NSR040010	2	
349	2831	2300-SW-301	2	
349	2832	2300-SW-350	2	
349	2833	2300-SW-351	2	
349	2834	2300-SW-352	2	
349	2835	2300-SW-353	2	
349	2836	2300-SW-354	2	
349	2837	2300-SW-355	2	
349	2838	2300-SW-356	2	
349	2839	2300-SW-357	2	
349	2840	2300-SW-358	2	
349	2841	2300-SW-359	2	
349	2842	2300-SW-360	2	
349	2843	2300-SW-361	2	
349	2844	2300-SW-362	2	
349	2845	2300-SW-363	2	
349	2846	2300-SW-364	2	
349	2847	2300-SW-365	2	
349	2848	2300-SW-366	2	
349	2849	2300-SW-367	2	
349	2850	2300-SW-368	2	
349	2851	2300-SW-369	2	
349	2852	2300-SW-400	2	
349	2853	2300-SW-401	2	
349	2854	2300-SW-402	2	
349	2855	2300-SW-403	2	
349	2856	2300-SW-404	2	
349	2857	2300-SW-405	2	
349	2858	2300-SW-406	2	
349	2859	2300-SW-407	2	
349	2860	2300-SW-408	2	
349	2861	2300-SW-409	2	
349	2862	2300-SW-410	2	
349	2863	2300-SW-411	2	
349	2864	2300-SW-412	2	
349	2865	2300-SW-413	2	
349	2866	2300-SW-414	2	
349	2867	2300-SW-415	2	
349	2868	2300-SW-510	2	
349	2869	2300-SW-450	2	
349	2870	2300-SW-451	2	
349	2871	2300-SW-460	2	
349	2872	2300-SW-302	2	
349	2873	2300-SW-303	2	
349	2874	2300-SW-471	2	
349	2875	2300-SW-5101	2	
349	2876	2300-SW-5102	2	
349	2877	2300-SW-5103	2	
349	2878	2300-SW-5104	2	
349	2879	2300-SW-5105	2	
349	2880	2300-SW-5106	2	
349	2881	2300-SW-5107	2	
349	2882	2300-SW-5108	2	
349	2883	2300-NSR040011	2	
349	2884	2300-NSR040012	2	
349	2885	2300-NSR040013	2	
349	2886	2300-NSR040014	2	
349	2887	2300-NSR040015	2	
349	2888	2300-NSR040016	2	
349	2889	2300-NSR040017	2	
349	2890	2300-NSR040018	2	
349	2891	2300-NSR040019	2	
349	2892	2300-NSR040020	2	
349	2893	570-003639-001	2	300
349	2894	CL_570003639001	1	300
349	2895	2300-SW-304	2	
349	2896	2300-SW-511	2	
349	2897	2300-SW-512	2	
349	2898	2300-SW-513	2	
349	2899	2300-SW-028	2	
349	2900	2300-SW-029	2	
349	2901	2300-SW-030	2	
349	2902	2300-SW-031	2	
349	2903	2300-200DFC3-PM	2	
349	2904	2300-200POLY2-PM	2	
349	2905	2300-300POLY2-PM	2	
349	2906	2300-TMI-OPTS	2	300
349	2907	D23I_TM	1	300
349	2908	570-003636-903	2	300
349	2909	CL_570003636903	1	300
349	2910	2300-PFI	2	300
349	2911	D23I_PF	1	300
349	2912	570-003637-901	2	300
349	2913	CL_570003637901	1	300
349	2914	2300-METAL2-PM	2	
349	2915	2300-GI-002	2	
349	2916	2300-GI-002-PF	2	
349	2917	2300-TBLANKOFF	2	
349	2918	2300-POLY3-PM	2	
349	2919	2300-200F45-PM	2	
349	2920	2300-300F45-PM	2	
349	2921	2300-200F452-PM	2	
349	2922	2300-300F452-PM	2	
349	2923	2300-200F453-PM	2	
349	2924	2300-300F453-PM	2	
349	2925	2300-APM-OPTS	2	300
349	2926	D23_APM_OPTIONS	1	300
349	2927	2300-CL1-020	2	
349	2928	570-041716-003	2	300
349	2929	CL_570041716003	1	300
349	2930	2300-CL1-021	2	
349	2931	2300-CL1-030	2	
349	2932	2300-CLEAN-OPTS	2	300
349	2933	D23_APM	1	300
349	2934	2300-NSR100001	2	
349	2935	2300-NSR100002	2	
349	2936	2300-NSR100003	2	
349	2937	2300-NSR100004	2	
349	2938	2300-NSR100005	2	
349	2939	2300-NSR100006	2	
349	2940	2300-NSR100007	2	
349	2941	2300-NSR100008	2	
349	2942	2300-NSR100009	2	
349	2943	2300-NSR100010	2	
349	2944	2300-APM-020	2	
349	2945	2300-APM-030	2	
349	2946	2300-APM-010	2	
349	2947	2300-APM-021	2	
349	2948	2300-APM-022	2	
349	2949	2300-APM-023	2	
349	2950	2300-APM-031	2	
349	2951	2300-APM-032	2	
349	2952	2300-APM-050	2	
349	2953	2300-APM-060	2	
349	2954	2300-APM-061	2	
349	2955	2300-CLEAN-OPTS-1	2	300
349	2956	2300-NSR110001	2	
349	2957	2300-NSR110002	2	
349	2958	2300-NSR110003	2	
349	2959	2300-NSR110004	2	
349	2960	2300-NSR110005	2	
349	2961	2300-NSR110006	2	
349	2962	2300-NSR110007	2	
349	2963	2300-NSR110008	2	
349	2964	2300-NSR110009	2	
349	2965	2300-NSR110010	2	
349	2966	2300-NSR110011	2	
349	2967	2300-NSR110012	2	
349	2968	2300-NSR110013	2	
349	2969	2300-NSR110014	2	
349	2970	2300-NSR110015	2	
349	2971	2300-NSR110016	2	
349	2972	2300-NSR110017	2	
349	2973	2300-NSR110018	2	
349	2974	2300-NSR110019	2	
349	2975	2300-NSR110020	2	
349	2976	2300-CLEAN-OPTS-2	2	300
349	2977	2300-NSR120001	2	
349	2978	2300-NSR120002	2	
349	2979	2300-NSR120003	2	
349	2980	2300-NSR120004	2	
349	2981	2300-NSR120005	2	
349	2982	2300-NSR120006	2	
349	2983	2300-NSR120007	2	
349	2984	2300-NSR120008	2	
349	2985	2300-NSR120009	2	
349	2986	2300-NSR120010	2	
349	2987	2300-NSR120011	2	
349	2988	2300-NSR120012	2	
349	2989	2300-NSR120013	2	
349	2990	2300-NSR120014	2	
349	2991	2300-NSR120015	2	
349	2992	2300-NSR120016	2	
349	2993	2300-NSR120017	2	
349	2994	2300-NSR120018	2	
349	2995	2300-NSR120019	2	
349	2996	2300-NSR120020	2	
349	2997	2300-CL1-031	2	
349	2998	2300-CLEAN2-OPTS-1	2	300
349	2999	2300-APM-012	2	
349	3000	2300-APM-013	2	
349	3001	2300-APM-024	2	
349	3002	2300-APM-025	2	
349	3003	2300-APM-040	2	
349	3004	2300-APM-041	2	
349	3005	2300-APM-033	2	
349	3006	2300-APM-051	2	
349	3007	2300-APM-071	2	
349	3008	2300-NSR130101	2	
349	3009	2300-NSR130102	2	
349	3010	2300-NSR130103	2	
349	3011	2300-NSR130104	2	
349	3012	2300-NSR130105	2	
349	3013	2300-NSR130106	2	
349	3014	2300-NSR130107	2	
349	3015	2300-NSR130108	2	
349	3016	2300-NSR130109	2	
349	3017	2300-NSR130110	2	
349	3018	2300-NSR130111	2	
349	3019	2300-NSR130112	2	
349	3020	2300-NSR130113	2	
349	3021	2300-NSR130114	2	
349	3022	2300-NSR130115	2	
349	3023	2300-NSR130116	2	
349	3024	2300-NSR130117	2	
349	3025	2300-NSR130118	2	
349	3026	2300-NSR130119	2	
349	3027	2300-NSR130120	2	
349	3028	2300-APM-026	2	
349	3029	2300-APM-014	2	
349	3030	2300-CLEAN2-OPTS-2	2	300
349	3031	2300-NSR130201	2	
349	3032	2300-NSR130202	2	
349	3033	2300-NSR130203	2	
349	3034	2300-NSR130204	2	
349	3035	2300-NSR130205	2	
349	3036	2300-NSR130206	2	
349	3037	2300-NSR130207	2	
349	3038	2300-NSR130208	2	
349	3039	2300-NSR130209	2	
349	3040	2300-NSR130210	2	
349	3041	2300-NSR130211	2	
349	3042	2300-NSR130212	2	
349	3043	2300-NSR130213	2	
349	3044	2300-NSR130214	2	
349	3045	2300-NSR130215	2	
349	3046	2300-NSR130216	2	
349	3047	2300-NSR130217	2	
349	3048	2300-NSR130218	2	
349	3049	2300-NSR130219	2	
349	3050	2300-NSR130220	2	
349	3051	2300-NSR140001	2	
349	3052	2300-NSR140002	2	
349	3053	2300-NSR140003	2	
349	3054	2300-NSR140004	2	
349	3055	2300-NSR140005	2	
349	3056	2300-NSR140006	2	
349	3057	2300-NSR140007	2	
349	3058	2300-NSR140008	2	
349	3059	2300-NSR140009	2	
349	3060	2300-NSR140010	2	
349	3061	2300-NSR140011	2	
349	3062	2300-NSR140012	2	
349	3063	2300-NSR140013	2	
349	3064	2300-NSR140014	2	
349	3065	2300-NSR140015	2	
349	3066	2300-NSR140016	2	
349	3067	2300-NSR140017	2	
349	3068	2300-NSR140018	2	
349	3069	2300-NSR140019	2	
349	3070	2300-NSR140020	2	
349	3071	2300-TM3	2	
349	3072	2300-TM4	2	
349	3073	2300-TM5	2	
349	3074	2300-TM6	2	
349	3075	2300-CL1-PM	2	
349	3076	2300-200POLY4-PM	2	
349	3077	2300-300POLY4-PM	2	
349	3078	2300-METAL3-PM	2	
349	3079	2300-APF	2	300
349	3080	D23_APM_PF	1	300
349	3081	2300-NSR050001	2	
349	3082	2300-NSR050002	2	
349	3083	2300-NSR050003	2	
349	3084	2300-NSR050004	2	
349	3085	2300-NSR050005	2	
349	3086	2300-NSR050006	2	
349	3087	2300-NSR050007	2	
349	3088	2300-NSR050008	2	
349	3089	2300-NSR050009	2	
349	3090	2300-NSR050010	2	
349	3091	570-049969-001	2	300
349	3092	CL_570049969001	1	300
349	3093	2300-NSR050011	2	
349	3094	2300-NSR050012	2	
349	3095	2300-NSR050013	2	
349	3096	2300-NSR050014	2	
349	3097	2300-NSR050016	2	
349	3098	2300-NSR050018	2	
349	3099	2300-NSR050019	2	
349	3100	2300-NSR050020	2	
349	3101	2300-GI-003	2	
349	3102	2300-GI-003-PF	2	
349	3103	2300-STRIP3-PM	2	
349	3104	2300-200NGP1-PM	2	
349	3105	2300-300NGP1-PM	2	
349	3106	2300-200BVL1-PM	2	
349	3107	2300-300BVL1-PM	2	
349	3108	2300-GI-010	2	
349	3109	2300-GI-011	2	
349	3110	2300-CL1-SQ	2	
349	3111	2300-NSR010011	2	
349	3112	2300-NSR010012	2	
349	3113	2300-NSR010013	2	
349	3114	2300-NSR010014	2	
349	3115	2300-NSR010015	2	
349	3116	2300-NSR010016	2	
349	3117	2300-NSR010017	2	
349	3118	2300-NSR010018	2	
349	3119	2300-NSR010019	2	
349	3120	2300-NSR010020	2	
349	3121	CR-SHIP-1000-PF	2	
349	3122	VTM-SHIP-1000-PF	2	
349	3123	2300-GI-201	2	300
349	3124	D23_DELIVERY_OPT	1	300
349	3125	2300-GI-202	2	300
349	3126	2300-GI-203	2	300
349	3127	2300-GI-204	2	300
349	3128	2300-GI-205	2	300
349	3129	2300-3003D1-PM	2	
349	3130	2300-2003D1-PM	2	
349	3131	2300-300POLY5-PM	2	
349	3132	2300-GI-012	2	
349	3133	2300-300DFC4-PM	2	
349	3134	2300-CL2-SQ	2	
349	3135	2300-CL2-PM	2	
349	3136	SQ-VERSYS-HW	2	
349	3137	SQ-VERSYS-JPN	2	
349	3138	SQ-VERSYS-FRE	2	
349	3139	SQ-KIYO-HW	2	
349	3140	SQ-KIYO-JPN	2	
349	3141	SQ-KIYO-FRE	2	
349	3142	SQ-EXELAN-HW	2	
349	3143	SQ-EXELAN-JPN	2	
349	3144	SQ-EXELAN-FRE	2	
349	3145	SQ-MWS-HW	2	
349	3146	SQ-MWS-JPN	2	
349	3147	SQ-MWS-FRE	2	
349	3148	SQ-TM-FRE	2	
349	3149	SQ-TM-SG	2	
349	3150	SQ-TM-JPN	2	
349	3151	SQ-TM-OR	2	
349	3152	SQ-GB-SC	2	
349	3153	SQ-GB-SG	2	
349	3154	SQ-GB-JPN	2	
349	3155	SQ-GB-HW	2	
349	3156	2300-2003D2-PM	2	
349	3157	2300-3003D2-PM	2	
349	3158	GIB-SHIP-1000-PF	2	
349	3159	2300-300DFC42-PM	2	
349	3160	2300-METAL4-PM	2	
349	3161	2300-DFC5DS-PM	2	
349	3162	2300-DFC5DX-PM	2	
349	3163	2300-DFC5DL-PM	2	
349	3164	2300-300POLY6-PM	2	
349	3165	GIB-SHIP-2000-PF	2	
349	3166	GIB-SHIP-3000-PF	2	
349	3167	GB-SHIP-2000-PF	2	
349	3168	GB-SHIP-2001-PF	2	
349	3169	2300-TM7	2	
349	3170	2300-TM8	2	
349	3171	2300-TME-OPTS	2	300
349	3172	D23_TME	1	300
349	3173	570-003636-011	2	300
349	3174	CL_570003636011	1	300
349	3175	2300-TM-0059	2	
349	3176	2300-TM-0133	2	
349	3177	2300-TM-0134	2	
349	3178	2300-TM-1025	2	
349	3179	2300-TM-1026	2	
349	3180	2300-TM-0211	2	
349	3181	2300-TM-0161	2	
349	3182	2300-TM-336	2	
349	3183	2300-TM-027	2	
349	3184	2300-TM-028	2	
349	3185	2300-TM-029	2	
349	3186	2300-TM-030	2	
349	3187	2300-TM-337	2	
349	3188	2300-TM-2211	2	
349	3189	2300-TM-1027	2	
349	3190	2300-TM-031	2	
349	3191	2300-TM-032	2	
349	3192	2300-TM-1028	2	
349	3193	2300-TM-134	2	
349	3194	2300-TM-033	2	
349	3195	2300-TM-035	2	
349	3196	2300-TM-036	2	
349	3197	2300-TM-034	2	
349	3198	2300-TM-1029	2	
349	3199	2300-TM-1030	2	
349	3200	2300-TM-040	2	
349	3201	2300-TM-042	2	
349	3202	2300-TM-043	2	
349	3203	2300-TM-045	2	
349	3204	2300-TM-046	2	
349	3205	2300-TM-048	2	
349	3206	2300-TM-049	2	
349	3207	2300-TM-110	2	
349	3208	2300-TM-10	2	
349	3209	2300-TM-037	2	
349	3210	2300-TM-038	2	
349	3211	2300-TM-0212	2	
349	3212	2300-TM-120	2	
349	3213	2300-TM-135	2	
349	3214	2300-TM-0215	2	
349	3215	2300-TM-1031	2	
349	3216	2300-TM-041	2	
349	3217	2300-TM-044	2	
349	3218	2300-TM-051	2	
349	3219	2300-TM-1032	2	
349	3220	2300-TM-1033	2	
349	3221	2300-TM-11	2	
349	3222	2300-TM-12	2	
349	3223	2300-TM-1101	2	
349	3224	2300-TM-136	2	
349	3225	2300-TM-137	2	
349	3226	2300-TM-1034	2	
349	3227	2300-TM-1035	2	
349	3228	2300-TM-0216	2	
349	3229	2300-TM-1036	2	
349	3230	2300-TM-052	2	
349	3231	2300-TM-053	2	
349	3232	2300-TM-1037	2	
349	3233	2300-TM-1039	2	
349	3234	2300-TM-023	2	
349	3235	2300-TM-024	2	
349	3236	2300-TM-1038	2	
349	3237	2300-TM-1040	2	
349	3238	2300-TM-054	2	
349	3239	2300-TM-055	2	
349	3240	2300-TM-056	2	
349	3241	2300-TM-1041	2	
349	3242	2300-TM-099	2	
349	3243	2300-TM-1042	2	
349	3244	2300-TM-057	2	
349	3245	2300-TM-1043	2	
349	3246	2300-TM-039	2	
349	3247	2300-TM-047	2	
349	3248	2300-TM-058	2	
349	3249	2300-TM-13	2	
349	3250	2300-TM-14	2	
349	3251	2300-TM-15	2	
349	3252	2300-TM-16	2	
349	3253	2300-TM-111	2	
349	3254	2300-TM-1045	2	
349	3255	2300-TM-138	2	
349	3256	2300-TM-1044	2	
349	3257	2300-TM-1047	2	
349	3258	2300-TM-1049	2	
349	3259	2300-ICS-OPTS	2	300
349	3260	D23_LL_MODULE	1	300
349	3261	2300-NSR070001	2	
349	3262	2300-NSR070002	2	
349	3263	2300-NSR070003	2	
349	3264	2300-NSR070004	2	
349	3265	2300-NSR070005	2	
349	3266	2300-NSR070006	2	
349	3267	2300-NSR070007	2	
349	3268	2300-NSR070008	2	
349	3269	2300-NSR070009	2	
349	3270	2300-NSR070010	2	
349	3271	2300-NSR070011	2	
349	3272	2300-NSR070012	2	
349	3273	2300-NSR070013	2	
349	3274	2300-NSR070014	2	
349	3275	2300-NSR070015	2	
349	3276	2300-NSR070016	2	
349	3277	2300-NSR070017	2	
349	3278	2300-NSR070018	2	
349	3279	2300-NSR070019	2	
349	3280	2300-NSR070020	2	
349	3281	2300-PM-393	2	
349	3282	2300-ICS-001	2	
349	3283	2300-ICS-002	2	
349	3284	2300-TM-1051	2	
349	3285	2300-TM-1046	2	
349	3286	2300-TM-1048	2	
349	3287	2300-DFC6-PM	2	
349	3288	2300-DFC7-PM	2	
349	3289	CR-SHIP2-1000-PF	2	300
349	3290	D23_QI_PRICING	1	300
349	3291	VTM-SHIP2-1000-PF	2	300
349	3292	GB-SHIP2-2000-PF	2	
349	3293	GB-SHIP2-2001-PF	2	
349	3294	GIB-SHIP2-1000-PF	2	300
349	3295	GIB-SHIP2-2000-PF	2	
349	3296	GIB-SHIP2-3000-PF	2	300
349	3297	GB-SHIP-1000-PF	2	
349	3298	GB-SHIP2-1000-PF	2	300
349	3299	CR-SHIP2-1000	2	300
349	3300	VTM-SHIP2-1000	2	300
349	3301	GIB-SHIP2-1000	2	300
349	3302	GB-SHIP2-2000	2	300
349	3303	GB-SHIP2-2001	2	300
349	3304	GB-SHIP2-3000	2	300
349	3305	GIB-SHIP2-2000	2	300
349	3306	GIB-SHIP2-3000	2	300
349	3307	GB-SHIP2-1000	2	300
349	3308	GB-SHIP-3000-PF	2	
349	3309	GB-SHIP2-3000-PF	2	300
349	3310	2300-DFC8-PM	2	
349	3311	2300-METAL5-PM	2	
349	3312	2300-DFC9-PM	2	
349	3313	2300-3D3-PM	2	
349	3314	VTM-SHIP-2000-PF	2	
349	3315	VTM-SHIP2-2000-PF	2	300
349	3316	VTM-SHIP-3000-PF	2	
349	3317	VTM-SHIP2-3000-PF	2	300
349	3318	SQ-KIYO45-HW	2	
349	3319	SQ-KIYO45-JPN	2	
349	3320	SQ-KIYO45-FRE	2	
349	3321	SQ-FLEX45-HW	2	
349	3322	SQ-FLEX45-JPN	2	
349	3323	SQ-FLEX45-FRE	2	
349	3324	SQ-STRIP45-HW	2	
349	3325	SQ-STRIP45-JPN	2	
349	3326	SQ-STRIP45-FRE	2	
349	3327	SQ-BIASSTRIP-HW	2	
349	3328	VTM-SHIP2-2000	2	300
349	3329	VTM-SHIP2-3000	2	300
349	3330	2300-BVL2-PM	2	
349	3331	2300-POLY7-PM	2	
349	3332	2300-GI-206	2	
349	3333	2300-GI-207	2	
349	3334	2300-GI-208	2	
349	3335	ATM-SHIP-4000-PF	2	
349	3336	ATM-SHIP-4001-PF	2	
349	3337	ATM-SHIP2-4000	2	300
349	3338	ATM-SHIP2-4000-PF	2	
349	3339	ATM-SHIP2-4001	2	300
349	3340	ATM-SHIP2-4001-PF	2	
349	3341	VTM-SHIP-2001-PF	2	
349	3342	VTM-SHIP-2002-PF	2	
349	3343	VTM-SHIP2-2001	2	300
349	3344	VTM-SHIP2-2001-PF	2	
349	3345	VTM-SHIP2-2002	2	300
349	3346	VTM-SHIP2-2002-PF	2	
349	3347	2300-DFC10-PM	2	
349	3348	2300-TM9	2	
349	3349	2300-DFC11-PM	2	
349	3350	2300-POLY9-PM	2	
349	3351	2300-POLY10-PM	2	
349	3352	ATM-SHIP2-4003	2	300
349	3353	ATM-SHIP2-4003-PF	2	
349	3354	ATM-SHIP3-4003-PF	2	
349	3355	2300-GI-209	2	
349	3356	2300-DFC12-PM	2	
349	3357	2300-GI-013	2	
349	3358	2300-300POLY11-PM	2	
349	3359	2300-DFC13-PM	2	
349	3360	2300-GI-014	2	
349	3361	D23_SV_UPLIFT_RATE	3	
349	3362	D23_SV_MODULE_COST	3	
349	3363	D23_PG_UPLIFT_RATE	3	
349	3364	D23_PG_MODULE_COST	3	
349	3365	SV_PRICE	3	
349	3366	AL_COST_OPT_TABLE	3	
349	3367	COST_OPT_TABLE	3	
349	3368	D23_BK_PUMP_Q_NQ	3	
349	3369	D23_TCU_Q_NQ	3	
349	3370	CUST_OPT_TABLE	3	
349	3371	D23_BP_CB_SIZE	3	
349	3372	GIB_ALLOWED_VTM	3	
349	3373	GIB_ALLOWED_TABLE2	3	
349	3374	JS_GIB_ALLOWED	3	
349	3375	D23_TCU_CB_SIZE	3	
349	3376	ALLOWED_GASFLOWS	3	
349	3377	A_ALLOWED_GASFLOWS	3	
349	3378	CUST_NAME_TABLE	3	
349	3379	PM2GASBOX_DEF_2300	3	
349	3380	PM_GB_3D1_DEF_2300	3	
349	3381	PM_GB_3D2_DEF_2300	3	
349	3382	PM_GBJS_3DX_DEF	3	
349	3383	PM_GBJS_BVLX_DEF	3	
349	3384	PM_GB_BVLX_DEF	3	
349	3385	PM_GBJS_DFCX_DEF	3	
349	3386	PM_GB_GAS_FEED_DEF	3	
349	3387	PM_GASBOX_DEF_2300	3	
349	3388	PM_ICS_GB_DEF_2300	3	
349	3389	PM_M3_GB_DEF_2300	3	
349	3390	PM_M4_GB_DEF_2300	3	
349	3391	PM_GBJS_M5_DEF	3	
349	3392	PM_GB_M5_DEF_2300	3	
349	3393	PM_GBJS_METALX_DEF	3	
349	3394	PM_GB_P11_DEF_2300	3	
349	3395	PM_GB_P5_DEF_2300	3	
349	3396	PM_GB_P6_DEF_2300	3	
349	3397	PM_GB_P7_DEF_2300	3	
349	3398	PM_GB_PB_DEF_2300	3	
349	3399	PM_GBJS_POLYX_DEF	3	
349	3400	PM_S3_GB_DEF_2300	3	
349	3401	PM_GBJS_STRIPX_DEF	3	
349	3402	D23_2X2	3	
349	3403	DACP_FLAG	3	
349	3404	DACP_FLAG_2	3	
349	3405	LCR_PRICING	3	
349	3406	CL_570041716002	1	300
