349	1	4		F
349	2	30		F
349	3	10		F
349	4	30		F
349	5	30		F
349	6	30		F
349	7	30		F
349	9	1		F
349	10	1		F
349	11	1		F
349	12	30		F
349	13	30		F
349	14	30		F
349	15	10		F
349	16	3		F
349	17	30		F
349	18	30		F
349	19	30		F
349	20	30		F
349	21	30		F
349	22	30		F
349	23	30		F
349	24	30		F
349	25	30		F
349	26	30		F
349	27	30		F
349	28	30		F
349	29	10		F
349	30	30		F
349	31	10		F
349	32	30		F
349	33	10		F
349	34	30		F
349	35	10		F
349	36	30		F
349	37	10		F
349	38	30		F
349	39	10		F
349	40	30		F
349	41	30		F
349	42	30		F
349	43	10		F
349	44	10		F
349	45	10		F
349	46	10		F
349	47	10		F
349	48	10		F
349	49	30		F
349	50	30		F
349	51	30		F
349	52	30		F
349	53	30		F
349	54	30		F
349	55	30		F
349	56	30		F
349	57	30		F
349	58	30		F
349	59	30		F
349	60	30		F
349	61	30		F
349	62	30		F
349	63	30		F
349	64	30		F
349	65	30		F
349	66	30		F
349	67	30		F
349	68	30		F
349	69	5		F
349	136	5		F
349	144	30		F
349	147	30		F
349	148	30		F
349	151	30		F
349	152	30		F
349	153	30		F
349	154	30		F
349	155	30		F
349	156	30		F
349	157	30		F
349	158	30		F
349	159	30		F
349	160	30		F
349	161	3		F
349	162	30		F
349	163	10		F
349	164	10		F
349	165	10		F
349	166	10		F
349	167	30		F
349	168	1		F
349	169	1		F
349	170	1		F
349	171	1		F
349	172	30		F
349	173	30		F
349	174	30		F
349	175	30		F
349	176	30		F
349	177	30		F
349	178	30		F
349	179	30		F
349	180	30		F
349	181	30		F
349	182	30		F
349	183	30		F
349	184	30		F
349	185	30		F
349	186	30		F
349	187	30		F
349	188	30		F
349	189	30		F
349	190	30		F
349	191	30		F
349	192	30		F
349	193	30		F
349	194	30		F
349	195	30		F
349	196	30		F
349	197	30		F
349	198	30		F
349	199	30		F
349	200	30		F
349	201	30		F
349	202	30		F
349	203	30		F
349	204	30		F
349	205	30		F
349	206	30		F
349	207	30		F
349	208	30		F
349	209	30		F
349	210	30		F
349	211	30		F
349	221	30		F
349	222	30		F
349	223	30		F
349	224	30		F
349	225	30		F
349	226	30		F
349	227	30		F
349	228	30		F
349	229	30		F
349	230	30		F
349	231	30		F
349	232	30		F
349	233	30		F
349	234	30		F
349	235	30		F
349	236	30		F
349	237	30		F
349	238	30		F
349	239	30		F
349	240	30		F
349	241	30		F
349	242	30		F
349	243	30		F
349	244	30		F
349	245	30		F
349	246	30		F
349	247	30		F
349	248	30		F
349	249	30		F
349	250	30		F
349	255	30		F
349	256	30		F
349	275	30		F
349	276	30		F
349	277	30		F
349	278	30		F
349	279	30		F
349	280	30		F
349	281	10		F
349	282	10		F
349	285	30		F
349	286	30		F
349	287	10		F
349	288	30		F
349	289	30		F
349	290	30		F
349	291	30		F
349	293	4		F
349	294	4		F
349	295	10		F
349	296	10		F
349	297	10		F
349	298	30		F
349	299	30		F
349	300	30		F
349	301	30		F
349	302	30		F
349	303	30		F
349	304	30		F
349	305	30		F
349	306	30		F
349	307	30		F
349	308	30		F
349	309	30		F
349	310	30		F
349	311	30		F
349	312	30		F
349	313	30		F
349	314	30		F
349	315	30		F
349	316	30		F
349	317	30		F
349	318	30		F
349	319	30		F
349	320	30		F
349	321	30		F
349	322	30		F
349	323	30		F
349	324	30		F
349	325	30		F
349	326	30		F
349	327	30		F
349	328	30		F
349	329	30		F
349	330	30		F
349	331	30		F
349	332	30		F
349	333	30		F
349	334	30		F
349	335	30		F
349	336	30		F
349	337	30		F
349	338	30		F
349	339	30		F
349	340	30		F
349	341	30		F
349	342	30		F
349	343	30		F
349	344	30		F
349	345	30		F
349	346	30		F
349	347	30		F
349	348	30		F
349	349	30		F
349	350	30		F
349	351	30		F
349	352	30		F
349	353	30		F
349	354	30		F
349	355	30		F
349	356	30		F
349	357	30		F
349	364	30		F
349	365	30		F
349	366	30		F
349	367	30		F
349	368	30		F
349	369	30		F
349	370	30		F
349	371	30		F
349	372	30		F
349	373	30		F
349	374	30		F
349	375	30		F
349	377	30		F
349	378	30		F
349	379	30		F
349	380	30		F
349	381	30		F
349	382	30		F
349	383	30		F
349	384	30		F
349	385	30		F
349	386	30		F
349	387	30		F
349	388	30		F
349	389	30		F
349	390	30		F
349	391	30		F
349	392	30		F
349	393	30		F
349	394	30		F
349	395	30		F
349	396	30		F
349	397	30		F
349	398	30		F
349	399	30		F
349	400	30		F
349	401	30		F
349	402	30		F
349	403	30		F
349	404	30		F
349	405	30		F
349	406	30		F
349	407	30		F
349	408	30		F
349	409	30		F
349	410	30		F
349	411	30		F
349	412	30		F
349	413	30		F
349	414	30		F
349	415	30		F
349	416	30		F
349	417	30		F
349	418	30		F
349	419	30		F
349	420	30		F
349	421	30		F
349	422	30		F
349	423	30		F
349	424	30		F
349	425	30		F
349	426	30		F
349	427	30		F
349	428	30		F
349	429	30		F
349	430	30		F
349	431	30		F
349	432	30		F
349	433	30		F
349	434	30		F
349	435	30		F
349	436	30		F
349	437	30		F
349	438	30		F
349	439	30		F
349	440	30		F
349	441	30		F
349	442	30		F
349	443	30		F
349	444	30		F
349	445	30		F
349	446	30		F
349	447	30		F
349	448	30		F
349	449	30		F
349	453	30		F
349	454	30		F
349	455	30		F
349	456	30		F
349	458	30		F
349	459	10		F
349	460	30		F
349	461	30		F
349	462	30		F
349	463	30		F
349	464	30		F
349	465	30		F
349	466	30		F
349	467	30		F
349	471	30		F
349	472	30		F
349	473	30		F
349	474	30		F
349	475	30		F
349	476	30		F
349	477	30		F
349	478	30		F
349	479	30		F
349	480	30		F
349	483	30		F
349	484	30		F
349	485	30		F
349	486	30		F
349	487	30		F
349	488	30		F
349	489	30		F
349	490	30		F
349	491	30		F
349	492	30		F
349	493	30		F
349	494	30		F
349	495	30		F
349	496	30		F
349	497	30		F
349	498	30		F
349	499	30		F
349	500	30		F
349	501	30		F
349	502	30		F
349	503	30		F
349	504	30		F
349	505	30		F
349	506	30		F
349	507	30		F
349	508	30		F
349	509	30		F
349	510	30		F
349	511	30		F
349	512	30		F
349	513	30		F
349	514	30		F
349	515	30		F
349	516	30		F
349	517	30		F
349	518	30		F
349	519	30		F
349	520	30		F
349	521	30		F
349	522	30		F
349	523	30		F
349	524	30		F
349	525	30		F
349	526	30		F
349	527	30		F
349	528	30		F
349	529	30		F
349	530	30		F
349	531	30		F
349	532	30		F
349	533	30		F
349	534	30		F
349	535	30		F
349	536	30		F
349	537	30		F
349	538	30		F
349	539	30		F
349	540	30		F
349	541	30		F
349	542	30		F
349	543	30		F
349	544	30		F
349	545	30		F
349	546	30		F
349	547	30		F
349	548	30		F
349	549	30		F
349	550	30		F
349	551	30		F
349	552	30		F
349	553	30		F
349	554	30		F
349	555	30		F
349	556	30		F
349	557	30		F
349	558	30		F
349	559	30		F
349	560	30		F
349	561	30		F
349	562	30		F
349	563	30		F
349	564	30		F
349	565	30		F
349	566	30		F
349	567	30		F
349	568	30		F
349	569	30		F
349	570	30		F
349	571	30		F
349	572	30		F
349	573	30		F
349	574	30		F
349	575	30		F
349	576	30		F
349	577	30		F
349	578	30		F
349	579	30		F
349	580	30		F
349	581	30		F
349	582	30		F
349	583	30		F
349	584	30		F
349	585	30		F
349	586	30		F
349	587	30		F
349	588	30		F
349	589	30		F
349	590	30		F
349	591	30		F
349	592	30		F
349	593	30		F
349	594	30		F
349	595	30		F
349	596	30		F
349	597	30		F
349	598	30		F
349	599	30		F
349	600	30		F
349	601	30		F
349	602	30		F
349	603	30		F
349	604	30		F
349	605	30		F
349	606	30		F
349	607	30		F
349	608	30		F
349	609	30		F
349	610	30		F
349	611	30		F
349	612	30		F
349	613	30		F
349	614	30		F
349	615	30		F
349	616	30		F
349	617	30		F
349	618	30		F
349	619	30		F
349	620	30		F
349	621	30		F
349	622	30		F
349	623	30		F
349	624	30		F
349	625	30		F
349	626	30		F
349	627	30		F
349	628	30		F
349	629	30		F
349	630	30		F
349	631	30		F
349	632	30		F
349	633	30		F
349	634	30		F
349	635	30		F
349	636	30		F
349	637	30		F
349	638	30		F
349	639	30		F
349	640	30		F
349	641	30		F
349	642	30		F
349	643	30		F
349	644	30		F
349	645	30		F
349	646	30		F
349	647	30		F
349	648	30		F
349	649	30		F
349	650	30		F
349	651	30		F
349	652	30		F
349	653	30		F
349	654	30		F
349	655	30		F
349	656	30		F
349	657	30		F
349	658	30		F
349	659	30		F
349	660	30		F
349	661	30		F
349	662	30		F
349	663	30		F
349	664	30		F
349	665	30		F
349	666	30		F
349	667	30		F
349	668	30		F
349	669	30		F
349	670	30		F
349	671	30		F
349	672	30		F
349	673	30		F
349	674	30		F
349	675	30		F
349	676	30		F
349	677	30		F
349	678	30		F
349	679	30		F
349	680	30		F
349	681	30		F
349	682	30		F
349	683	30		F
349	684	30		F
349	685	30		F
349	686	30		F
349	687	30		F
349	688	30		F
349	689	30		F
349	690	30		F
349	691	30		F
349	692	30		F
349	693	30		F
349	694	30		F
349	695	30		F
349	696	30		F
349	697	30		F
349	698	30		F
349	699	30		F
349	700	30		F
349	701	30		F
349	702	30		F
349	703	30		F
349	704	30		F
349	705	30		F
349	706	30		F
349	707	30		F
349	708	30		F
349	709	30		F
349	710	30		F
349	711	30		F
349	712	30		F
349	713	30		F
349	714	30		F
349	715	30		F
349	716	30		F
349	717	30		F
349	718	30		F
349	719	30		F
349	720	30		F
349	721	30		F
349	722	30		F
349	723	30		F
349	724	30		F
349	725	30		F
349	726	30		F
349	727	30		F
349	728	30		F
349	729	30		F
349	730	30		F
349	731	30		F
349	732	30		F
349	738	30		F
349	739	30		F
349	740	30		F
349	741	30		F
349	742	30		F
349	743	30		F
349	744	30		F
349	745	30		F
349	746	30		F
349	747	30		F
349	748	30		F
349	749	30		F
349	750	30		F
349	751	30		F
349	752	30		F
349	753	30		F
349	754	30		F
349	755	30		F
349	756	30		F
349	757	30		F
349	758	30		F
349	759	30		F
349	760	30		F
349	761	30		F
349	762	30		F
349	763	30		F
349	764	30		F
349	765	30		F
349	766	30		F
349	767	30		F
349	768	30		F
349	769	30		F
349	770	30		F
349	771	30		F
349	772	30		F
349	773	30		F
349	774	30		F
349	775	30		F
349	776	30		F
349	777	30		F
349	778	30		F
349	779	30		F
349	780	30		F
349	781	30		F
349	782	30		F
349	783	30		F
349	784	30		F
349	785	30		F
349	786	30		F
349	787	30		F
349	788	30		F
349	789	30		F
349	790	30		F
349	791	30		F
349	792	30		F
349	793	30		F
349	794	30		F
349	795	30		F
349	796	30		F
349	797	30		F
349	798	30		F
349	799	30		F
349	800	30		F
349	814	30		F
349	831	30		F
349	832	30		F
349	833	30		F
349	838	30		F
349	843	30		F
349	844	30		F
349	845	30		F
349	846	30		F
349	847	30		F
349	848	30		F
349	849	30		F
349	850	30		F
349	851	30		F
349	852	30		F
349	853	30		F
349	854	30		F
349	855	30		F
349	856	30		F
349	857	30		F
349	858	30		F
349	859	30		F
349	860	30		F
349	861	30		F
349	862	30		F
349	863	30		F
349	864	30		F
349	865	30		F
349	866	30		F
349	867	30		F
349	868	30		F
349	869	30		F
349	870	30		F
349	871	30		F
349	872	30		F
349	873	30		F
349	874	30		F
349	875	30		F
349	876	30		F
349	877	30		F
349	878	30		F
349	879	30		F
349	880	30		F
349	881	30		F
349	882	30		F
349	883	30		F
349	884	30		F
349	885	30		F
349	886	30		F
349	887	30		F
349	888	30		F
349	889	30		F
349	890	30		F
349	891	30		F
349	892	30		F
349	893	30		F
349	894	30		F
349	895	30		F
349	896	30		F
349	897	30		F
349	898	30		F
349	899	30		F
349	900	30		F
349	901	30		F
349	902	30		F
349	903	30		F
349	904	30		F
349	905	30		F
349	906	30		F
349	907	30		F
349	908	30		F
349	909	30		F
349	910	30		F
349	913	30		F
349	914	30		F
349	915	30		F
349	916	30		F
349	917	30		F
349	918	30		F
349	930	30		F
349	931	30		F
349	932	30		F
349	933	30		F
349	934	30		F
349	935	30		F
349	936	30		F
349	937	30		F
349	938	30		F
349	939	30		F
349	940	30		F
349	941	30		F
349	942	30		F
349	943	30		F
349	944	30		F
349	945	30		F
349	946	30		F
349	947	30		F
349	948	30		F
349	949	30		F
349	950	30		F
349	951	30		F
349	952	30		F
349	953	30		F
349	954	30		F
349	955	30		F
349	956	30		F
349	957	30		F
349	958	30		F
349	959	30		F
349	960	30		F
349	961	30		F
349	962	30		F
349	963	30		F
349	964	30		F
349	965	30		F
349	966	30		F
349	967	30		F
349	968	30		F
349	969	30		F
349	970	30		F
349	971	30		F
349	972	30		F
349	973	30		F
349	974	30		F
349	975	30		F
349	976	30		F
349	977	30		F
349	999	30		F
349	1000	30		F
349	1001	30		F
349	1002	30		F
349	1003	30		F
349	1004	30		F
349	1005	30		F
349	1006	30		F
349	1007	30		F
349	1008	30		F
349	1009	30		F
349	1010	30		F
349	1011	30		F
349	1012	30		F
349	1013	30		F
349	1014	30		F
349	1015	30		F
349	1016	30		F
349	1017	30		F
349	1018	30		F
349	1019	30		F
349	1020	30		F
349	1021	30		F
349	1022	30		F
349	1023	30		F
349	1024	30		F
349	1025	30		F
349	1026	30		F
349	1027	30		F
349	1028	30		F
349	1036	30		F
349	1037	30		F
349	1038	30		F
349	1039	30		F
349	1040	30		F
349	1041	30		F
349	1042	30		F
349	1043	30		F
349	1044	30		F
349	1045	30		F
349	1046	30		F
349	1047	30		F
349	1048	30		F
349	1049	30		F
349	1050	30		F
349	1051	30		F
349	1052	30		F
349	1053	30		F
349	1054	30		F
349	1055	30		F
349	1056	30		F
349	1057	30		F
349	1058	30		F
349	1059	30		F
349	1060	30		F
349	1061	30		F
349	1062	30		F
349	1063	30		F
349	1064	30		F
349	1065	30		F
349	1066	30		F
349	1067	30		F
349	1068	30		F
349	1069	30		F
349	1070	30		F
349	1071	30		F
349	1072	30		F
349	1073	30		F
349	1074	30		F
349	1075	30		F
349	1076	30		F
349	1077	30		F
349	1078	30		F
349	1079	30		F
349	1080	30		F
349	1081	30		F
349	1082	30		F
349	1083	30		F
349	1084	30		F
349	1085	30		F
349	1086	30		F
349	1087	30		F
349	1088	30		F
349	1089	30		F
349	1090	30		F
349	1091	30		F
349	1092	30		F
349	1093	30		F
349	1094	30		F
349	1095	30		F
349	1101	30		F
349	1102	30		F
349	1103	30		F
349	1104	30		F
349	1105	30		F
349	1106	30		F
349	1107	30		F
349	1108	30		F
349	1109	30		F
349	1110	30		F
349	1111	30		F
349	1112	30		F
349	1113	30		F
349	1114	30		F
349	1115	30		F
349	1116	30		F
349	1117	30		F
349	1118	30		F
349	1119	30		F
349	1120	30		F
349	1121	30		F
349	1122	30		F
349	1123	30		F
349	1124	30		F
349	1125	30		F
349	1126	30		F
349	1127	30		F
349	1128	30		F
349	1129	30		F
349	1130	30		F
349	1131	30		F
349	1132	30		F
349	1133	30		F
349	1134	30		F
349	1135	30		F
349	1136	30		F
349	1137	30		F
349	1138	30		F
349	1139	30		F
349	1140	30		F
349	1141	30		F
349	1142	30		F
349	1143	30		F
349	1144	30		F
349	1145	30		F
349	1146	30		F
349	1147	30		F
349	1148	30		F
349	1149	30		F
349	1150	30		F
349	1151	30		F
349	1152	30		F
349	1153	30		F
349	1154	30		F
349	1155	30		F
349	1156	30		F
349	1157	30		F
349	1158	30		F
349	1159	30		F
349	1162	30		F
349	1163	30		F
349	1164	30		F
349	1165	30		F
349	1166	30		F
349	1167	30		F
349	1168	30		F
349	1169	30		F
349	1170	30		F
349	1173	30		F
349	1174	30		F
349	1175	30		F
349	1179	30		F
349	1180	10		F
349	1181	30		F
349	1182	30		F
349	1183	30		F
349	1184	30		F
349	1185	30		F
349	1187	30		F
349	1188	30		F
349	1189	26		T
349	1190	30		F
349	1193	30		F
349	1227	30		F
349	1228	30		F
349	1229	30		F
349	1230	30		F
349	1231	30		F
349	1232	30		F
349	1233	30		F
349	1234	30		F
349	1235	30		F
349	1236	30		F
349	1237	30		F
349	1238	30		F
349	1239	30		F
349	1240	30		F
349	1241	30		F
349	1242	30		F
349	1243	30		F
349	1244	30		F
349	1245	30		F
349	1246	1		F
349	1247	10		F
349	1248	10		F
349	1249	10		F
349	1250	10		F
349	1251	1		F
349	1252	1		F
349	1253	1		F
349	1254	1		F
349	1255	1		F
349	1256	1		F
349	1261	30		F
349	1263	10		F
349	1264	30		F
349	1265	30		F
349	1266	30		F
349	1267	30		T
349	1268	20		F
349	1269	20		F
349	1270	20		F
349	1271	20		F
349	1272	20		F
349	1273	20		F
349	1274	20		F
349	1275	20		F
349	1276	20		F
349	1277	20		F
349	1278	20		F
349	1279	20		F
349	1280	20		F
349	1281	20		F
349	1282	20		F
349	1283	20		F
349	1284	10		F
349	1285	10		F
349	1286	10		F
349	1287	20		F
349	1288	20		F
349	1289	20		F
349	1290	20		F
349	1291	10		F
349	1292	10		F
349	1293	10		F
349	1294	10		F
349	1295	10		F
349	1296	10		F
349	1297	10		F
349	1298	10		F
349	1299	10		F
349	1300	10		F
349	1301	20		F
349	1302	30		F
349	1303	2		F
349	1304	5		F
349	1305	30		F
349	1306	30		F
349	1307	30		F
349	1308	30		F
349	1309	30		F
349	1310	10		F
349	1311	30		F
349	1312	30		F
349	1313	30		F
349	1314	30		F
349	1315	30		F
349	1316	30		F
349	1317	30		F
349	1318	30		F
349	1319	30		F
349	1320	30		F
349	1321	30		F
349	1322	30		F
349	1323	30		F
349	1324	30		F
349	1325	30		F
349	1326	30		F
349	1327	30		F
349	1328	30		F
349	1329	30		F
349	1330	30		F
349	1331	30		F
349	1332	30		F
349	1333	30		F
349	1334	30		F
349	1335	30		F
349	1336	30		F
349	1337	30		F
349	1338	30		F
349	1339	30		F
349	1340	30		F
349	1341	30		F
349	1342	30		F
349	1343	30		F
349	1344	30		F
349	1345	30		F
349	1346	30		F
349	1347	30		F
349	1348	30		F
349	1349	30		F
349	1350	30		F
349	1351	30		F
349	1352	30		F
349	1353	30		F
349	1354	30		F
349	1355	30		F
349	1356	30		F
349	1357	30		F
349	1358	30		F
349	1359	30		F
349	1360	30		F
349	1361	30		F
349	1362	30		F
349	1363	30		F
349	1364	30		F
349	1365	30		F
349	1366	30		F
349	1367	30		F
349	1368	30		F
349	1369	30		F
349	1370	30		F
349	1371	30		F
349	1372	30		F
349	1373	30		F
349	1374	30		F
349	1375	30		F
349	1376	30		F
349	1377	30		F
349	1378	30		F
349	1379	30		F
349	1380	30		F
349	1381	30		F
349	1382	30		F
349	1383	30		F
349	1384	30		F
349	1385	30		F
349	1386	30		F
349	1387	30		F
349	1388	30		F
349	1389	30		F
349	1390	30		F
349	1391	30		F
349	1392	30		F
349	1393	30		F
349	1394	30		F
349	1399	30		F
349	1400	30		F
349	1401	30		T
349	1402	30		T
349	1403	30		T
349	1404	30		T
349	1405	30		T
349	1406	30		T
349	1407	30		T
349	1408	30		T
349	1409	30		T
349	1410	30		T
349	1411	30		T
349	1412	30		T
349	1413	30		T
349	1414	30		T
349	1415	30		T
349	1416	30		T
349	1417	7		F
349	1418	7		F
349	1419	7		F
349	1420	7		F
349	1421	7		F
349	1422	7		F
349	1423	7		F
349	1424	7		F
349	1425	7		F
349	1426	7		F
349	1427	7		F
349	1428	7		F
349	1429	7		F
349	1430	7		F
349	1431	7		F
349	1432	7		F
349	1433	30		F
349	1434	30		F
349	1435	30		F
349	1440	2		F
349	1441	2		F
349	1442	30		F
349	1443	30		F
349	1445	30		F
349	1446	10		F
349	1447	30		F
349	1448	30		F
349	1449	30		F
349	1450	30		F
349	1451	30		F
349	1452	30		F
349	1453	10		F
349	1454	10		F
349	1455	10		F
349	1456	10		F
349	1457	10		F
349	1458	10		F
349	1459	30		F
349	1460	30		F
349	1461	30		F
349	1463	30		F
349	1465	30		F
349	1466	30		F
349	1469	30		F
349	1470	30		F
349	1471	5		F
349	1472	5		F
349	1473	5		F
349	1474	5		F
349	1475	5		F
349	1476	5		F
349	1477	30		F
349	1478	30		F
349	1479	30		F
349	1480	30		F
349	1481	30		F
349	1482	30		F
349	1483	30		F
349	1484	30		F
349	1485	30		F
349	1486	30		F
349	1487	30		F
349	1488	30		F
349	1489	30		F
349	1490	30		F
349	1491	30		F
349	1492	30		F
349	1493	30		F
349	1494	30		F
349	1495	30		F
349	1496	30		F
349	1497	30		F
349	1498	30		F
349	1499	30		F
349	1500	30		F
349	1501	30		F
349	1502	30		F
349	1503	30		F
349	1504	30		F
349	1505	30		F
349	1506	30		F
349	1507	30		F
349	1508	30		F
349	1509	30		F
349	1510	30		F
349	1511	30		F
349	1512	30		F
349	1513	30		F
349	1514	30		F
349	1515	30		F
349	1516	30		F
349	1517	30		F
349	1518	30		F
349	1519	30		F
349	1520	30		F
349	1521	30		F
349	1522	30		F
349	1523	30		F
349	1524	30		F
349	1525	30		F
349	1526	30		F
349	1527	30		F
349	1528	30		F
349	1529	30		F
349	1530	30		F
349	1531	30		F
349	1532	30		F
349	1533	30		F
349	1534	30		F
349	1535	30		F
349	1536	30		F
349	1537	30		F
349	1538	30		F
349	1539	30		F
349	1540	30		F
349	1541	30		F
349	1542	30		F
349	1543	30		F
349	1544	30		F
349	1545	30		F
349	1546	30		F
349	1547	30		F
349	1548	30		F
349	1549	30		F
349	1550	30		F
349	1551	30		F
349	1552	30		F
349	1553	30		F
349	1554	30		F
349	1555	30		F
349	1556	30		F
349	1557	30		F
349	1558	30		F
349	1559	30		F
349	1560	30		F
349	1561	30		F
349	1562	30		F
349	1563	30		F
349	1564	30		F
349	1565	30		F
349	1566	30		F
349	1567	30		F
349	1568	30		F
349	1569	30		F
349	1570	30		F
349	1571	30		F
349	1572	30		F
349	1573	30		F
349	1574	30		F
349	1575	30		F
349	1576	30		F
349	1577	30		F
349	1578	30		F
349	1579	30		F
349	1580	30		F
349	1581	30		F
349	1582	30		F
349	1583	30		F
349	1584	30		F
349	1585	30		F
349	1586	30		F
349	1587	30		F
349	1588	30		F
349	1589	30		F
349	1590	30		F
349	1591	30		F
349	1592	30		F
349	1593	30		F
349	1594	30		F
349	1595	30		F
349	1596	30		F
349	1597	30		F
349	1598	30		F
349	1599	30		F
349	1600	30		F
349	1601	30		F
349	1602	30		F
349	1603	30		F
349	1604	30		F
349	1605	30		F
349	1606	30		F
349	1607	30		F
349	1608	30		F
349	1609	30		F
349	1610	30		F
349	1611	30		F
349	1612	30		F
349	1613	30		F
349	1614	30		F
349	1615	30		F
349	1616	30		F
349	1617	30		F
349	1618	30		F
349	1619	30		F
349	1620	30		F
349	1621	30		F
349	1622	30		F
349	1623	30		F
349	1624	30		F
349	1625	30		F
349	1626	30		F
349	1627	30		F
349	1628	30		F
349	1629	30		F
349	1630	30		F
349	1631	30		F
349	1632	30		F
349	1633	30		F
349	1634	30		F
349	1635	30		F
349	1636	30		F
349	1637	30		F
349	1638	30		F
349	1639	30		F
349	1640	30		F
349	1641	30		F
349	1642	30		F
349	1643	30		F
349	1644	30		F
349	1645	30		F
349	1646	30		F
349	1647	30		F
349	1648	30		F
349	1649	30		F
349	1650	30		F
349	1651	30		F
349	1652	30		F
349	1653	30		F
349	1654	30		F
349	1655	30		F
349	1656	30		F
349	1657	30		F
349	1658	30		F
349	1659	30		F
349	1660	30		F
349	1661	30		F
349	1662	30		F
349	1663	30		F
349	1664	30		F
349	1665	30		F
349	1666	30		F
349	1667	30		F
349	1668	30		F
349	1669	30		F
349	1670	30		F
349	1671	30		F
349	1672	30		F
349	1673	30		F
349	1674	30		F
349	1675	30		F
349	1676	30		F
349	1677	30		F
349	1678	30		F
349	1679	30		F
349	1680	30		F
349	1681	30		F
349	1682	30		F
349	1683	30		F
349	1684	30		F
349	1685	30		F
349	1686	30		F
349	1687	30		F
349	1688	30		F
349	1689	30		F
349	1690	30		F
349	1691	30		F
349	1692	30		F
349	1693	30		F
349	1694	30		F
349	1695	30		F
349	1696	30		F
349	1697	30		F
349	1698	30		F
349	1699	30		F
349	1700	30		F
349	1701	30		F
349	1702	30		F
349	1703	30		F
349	1704	30		F
349	1705	30		F
349	1706	30		F
349	1707	30		F
349	1708	30		F
349	1709	30		F
349	1710	30		F
349	1711	30		F
349	1712	30		F
349	1713	30		F
349	1714	30		F
349	1715	30		F
349	1716	30		F
349	1717	30		F
349	1718	30		F
349	1719	30		F
349	1720	30		F
349	1721	30		F
349	1722	30		F
349	1723	30		F
349	1724	30		F
349	1725	30		F
349	1726	30		F
349	1727	30		F
349	1728	30		F
349	1729	30		F
349	1730	30		F
349	1731	30		F
349	1732	30		F
349	1733	30		F
349	1734	30		F
349	1735	30		F
349	1736	30		F
349	1737	30		F
349	1738	30		F
349	1739	30		F
349	1740	30		F
349	1741	30		F
349	1742	30		F
349	1743	30		F
349	1744	30		F
349	1745	30		F
349	1746	30		F
349	1747	30		F
349	1748	30		F
349	1749	30		F
349	1750	30		F
349	1751	30		F
349	1752	30		F
349	1753	30		F
349	1754	30		F
349	1755	30		F
349	1756	30		F
349	1757	30		F
349	1758	30		F
349	1759	30		F
349	1760	30		F
349	1761	30		F
349	1762	30		F
349	1763	30		F
349	1764	30		F
349	1765	30		F
349	1766	30		F
349	1767	30		F
349	1768	30		F
349	1769	30		F
349	1770	30		F
349	1771	30		F
349	1772	30		F
349	1773	30		F
349	1774	30		F
349	1775	30		F
349	1776	30		F
349	1777	30		F
349	1778	30		F
349	1779	30		F
349	1780	30		F
349	1781	30		F
349	1782	30		F
349	1783	30		F
349	1784	30		F
349	1785	30		F
349	1786	30		F
349	1787	30		F
349	1788	30		F
349	1789	30		F
349	1790	30		F
349	1791	30		F
349	1792	30		F
349	1793	30		F
349	1794	30		F
349	1795	30		F
349	1796	30		F
349	1797	30		F
349	1798	30		F
349	1799	30		F
349	1800	30		F
349	1801	30		F
349	1802	30		F
349	1803	30		F
349	1804	30		F
349	1805	30		F
349	1806	30		F
349	1807	30		F
349	1808	30		F
349	1809	30		F
349	1810	30		F
349	1811	30		F
349	1812	30		F
349	1813	30		F
349	1814	30		F
349	1815	30		F
349	1816	30		F
349	1817	30		F
349	1818	30		F
349	1819	30		F
349	1820	30		F
349	1821	30		F
349	1822	30		F
349	1823	30		F
349	1824	30		F
349	1825	30		F
349	1826	30		F
349	1827	30		F
349	1828	30		F
349	1829	30		F
349	1830	30		F
349	1831	30		F
349	1832	30		F
349	1833	30		F
349	1834	30		F
349	1835	30		F
349	1836	30		F
349	1837	30		F
349	1838	30		F
349	1839	30		F
349	1840	30		F
349	1841	30		F
349	1842	30		F
349	1843	30		F
349	1844	30		F
349	1845	30		F
349	1854	30		F
349	1855	30		F
349	1856	30		F
349	1857	30		F
349	1858	30		F
349	1880	30		F
349	1881	30		F
349	1882	30		F
349	1883	30		F
349	1884	30		F
349	1885	30		F
349	1886	30		F
349	1887	30		F
349	1888	30		F
349	1889	30		F
349	1890	30		F
349	1891	30		F
349	1892	30		F
349	1893	30		F
349	1894	30		F
349	1895	30		F
349	1896	30		F
349	1897	30		F
349	1898	30		F
349	1899	30		F
349	1900	10		F
349	1901	10		F
349	1902	10		F
349	1903	10		F
349	1904	10		F
349	1905	10		F
349	1906	10		F
349	1919	30		F
349	1920	30		F
349	1921	30		F
349	1922	30		F
349	1923	30		F
349	1924	30		F
349	1925	30		F
349	1926	30		F
349	1927	30		F
349	1928	30		F
349	1929	30		F
349	1930	30		F
349	1931	30		F
349	1932	30		F
349	1933	30		F
349	1934	30		F
349	1935	30		F
349	1936	30		F
349	1937	30		F
349	1938	30		F
349	1939	30		F
349	1940	30		F
349	1941	30		F
349	1942	30		F
349	1943	30		F
349	1944	30		F
349	1945	30		F
349	1946	30		F
349	1947	30		F
349	1948	30		F
349	1949	30		F
349	1950	30		F
349	1951	30		F
349	1952	30		F
349	1953	30		F
349	1954	30		F
349	1955	30		F
349	1956	30		F
349	1957	30		F
349	1958	30		F
349	1959	30		F
349	1960	30		F
349	1961	30		F
349	1962	30		F
349	1963	30		F
349	1964	30		F
349	1965	30		F
349	1966	30		F
349	1967	30		F
349	1968	30		F
349	1969	30		F
349	1970	30		F
349	1971	30		F
349	1972	30		F
349	1973	30		F
349	1974	30		F
349	1975	30		F
349	1976	30		F
349	1977	30		F
349	1978	30		F
349	1979	30		F
349	1980	30		F
349	1981	30		F
349	1982	30		F
349	1983	30		F
349	1984	30		F
349	1985	30		F
349	1986	30		F
349	1987	30		F
349	1988	30		F
349	1989	30		F
349	1990	30		F
349	1991	30		F
349	1992	30		F
349	1993	30		F
349	1994	30		F
349	1995	30		F
349	1996	30		F
349	1997	30		F
349	1998	30		F
349	1999	30		F
349	2000	30		F
349	2001	30		F
349	2002	30		F
349	2003	30		F
349	2004	30		F
349	2005	30		F
349	2006	30		F
349	2007	30		F
349	2008	30		F
349	2009	30		F
349	2010	30		F
349	2011	30		F
349	2012	30		F
349	2013	30		F
349	2014	30		F
349	2015	30		F
349	2016	30		F
349	2017	30		F
349	2018	30		F
349	2019	30		F
349	2020	30		F
349	2021	30		F
349	2022	30		F
349	2023	30		F
349	2024	30		F
349	2025	30		F
349	2026	30		F
349	2027	30		F
349	2028	30		F
349	2029	30		F
349	2030	30		F
349	2031	30		F
349	2032	30		F
349	2033	30		F
349	2034	30		F
349	2035	30		F
349	2036	30		F
349	2037	30		F
349	2038	30		F
349	2039	30		F
349	2040	30		F
349	2041	30		F
349	2042	30		F
349	2043	30		F
349	2044	30		F
349	2045	30		F
349	2046	30		F
349	2047	30		F
349	2048	30		F
349	2049	30		F
349	2050	30		F
349	2051	30		F
349	2052	30		F
349	2053	30		F
349	2054	30		F
349	2055	30		F
349	2056	30		F
349	2057	30		F
349	2058	30		F
349	2059	30		F
349	2060	30		F
349	2061	30		F
349	2062	30		F
349	2063	30		F
349	2064	30		F
349	2065	30		F
349	2066	30		F
349	2067	30		F
349	2068	30		F
349	2069	30		F
349	2070	30		F
349	2071	30		F
349	2072	30		F
349	2073	30		F
349	2074	30		F
349	2075	30		F
349	2076	30		F
349	2077	30		F
349	2078	30		F
349	2079	30		F
349	2080	30		F
349	2081	30		F
349	2082	30		F
349	2083	30		F
349	2084	30		F
349	2085	30		F
349	2086	30		F
349	2087	30		F
349	2088	30		F
349	2089	30		F
349	2090	30		F
349	2091	30		F
349	2092	30		F
349	2093	30		F
349	2094	30		F
349	2095	30		F
349	2096	30		F
349	2097	30		F
349	2098	30		F
349	2099	30		F
349	2100	30		F
349	2101	30		F
349	2102	30		F
349	2103	30		F
349	2104	30		F
349	2105	30		F
349	2106	30		F
349	2107	30		F
349	2108	30		F
349	2109	30		F
349	2110	30		F
349	2111	30		F
349	2112	30		F
349	2113	30		F
349	2114	30		F
349	2115	30		F
349	2116	30		F
349	2117	30		F
349	2118	30		F
349	2119	30		F
349	2120	30		F
349	2121	30		F
349	2122	30		F
349	2123	30		F
349	2124	30		F
349	2125	30		F
349	2126	30		F
349	2127	30		F
349	2128	30		F
349	2129	30		F
349	2130	30		F
349	2131	30		F
349	2132	30		F
349	2133	30		F
349	2134	30		F
349	2135	30		F
349	2136	30		F
349	2137	30		F
349	2138	30		F
349	2139	30		F
349	2140	30		F
349	2141	30		F
349	2142	30		F
349	2143	30		F
349	2144	30		F
349	2145	30		F
349	2146	30		F
349	2147	30		F
349	2148	30		F
349	2149	30		F
349	2150	30		F
349	2151	30		F
349	2152	30		F
349	2153	30		F
349	2154	30		F
349	2155	30		F
349	2156	30		F
349	2157	30		F
349	2158	30		F
349	2159	30		F
349	2160	30		F
349	2161	30		F
349	2162	30		F
349	2163	30		F
349	2164	30		F
349	2165	30		F
349	2166	30		F
349	2167	30		F
349	2168	30		F
349	2169	30		F
349	2170	30		F
349	2171	30		F
349	2172	30		F
349	2173	30		F
349	2174	30		F
349	2175	30		F
349	2176	30		F
349	2177	30		F
349	2178	30		F
349	2179	30		F
349	2180	30		F
349	2181	30		F
349	2182	30		F
349	2183	30		F
349	2184	30		F
349	2185	30		F
349	2186	30		F
349	2187	30		F
349	2188	30		F
349	2189	30		F
349	2190	30		F
349	2191	30		F
349	2192	30		F
349	2193	30		F
349	2194	30		F
349	2195	30		F
349	2196	30		F
349	2197	30		F
349	2198	30		F
349	2199	30		F
349	2200	30		F
349	2201	30		F
349	2202	30		F
349	2203	30		F
349	2204	30		F
349	2205	30		F
349	2206	30		F
349	2207	30		F
349	2208	30		F
349	2209	30		F
349	2210	30		F
349	2211	30		F
349	2212	30		F
349	2213	30		F
349	2214	30		F
349	2215	30		F
349	2216	30		F
349	2217	30		F
349	2218	30		F
349	2219	30		F
349	2220	30		F
349	2221	30		F
349	2222	30		F
349	2223	30		F
349	2224	30		F
349	2225	30		F
349	2226	30		F
349	2227	30		F
349	2228	30		F
349	2229	30		F
349	2230	30		F
349	2231	30		F
349	2232	30		F
349	2233	30		F
349	2234	30		F
349	2235	30		F
349	2236	30		F
349	2238	10		F
349	2239	30		F
349	2240	30		F
349	2241	30		F
349	2242	1		F
349	2243	30		F
349	2244	30		F
349	2245	30		F
349	2246	4		F
349	2247	30		F
349	2248	30		F
349	2249	1		F
349	2250	30		F
349	2251	30		F
349	2252	30		F
349	2253	4		F
349	2254	30		F
349	2255	30		F
349	2256	1		F
349	2257	30		F
349	2258	30		F
349	2259	30		F
349	2260	4		F
349	2261	30		F
349	2262	30		F
349	2263	1		F
349	2264	30		F
349	2265	30		F
349	2266	30		F
349	2267	4		F
349	2268	30		F
349	2269	30		F
349	2270	1		F
349	2271	30		F
349	2272	30		F
349	2273	30		F
349	2274	4		F
349	2275	30		F
349	2276	30		F
349	2277	1		F
349	2278	30		F
349	2279	30		F
349	2280	30		F
349	2281	4		F
349	2282	30		F
349	2283	30		F
349	2284	1		F
349	2285	30		F
349	2286	30		F
349	2287	30		F
349	2288	4		F
349	2289	30		F
349	2290	30		F
349	2291	1		F
349	2292	30		F
349	2293	30		F
349	2294	30		F
349	2295	4		F
349	2296	30		F
349	2297	30		F
349	2298	1		F
349	2299	30		F
349	2300	30		F
349	2301	30		F
349	2302	4		F
349	2303	30		F
349	2304	30		F
349	2305	1		F
349	2306	30		F
349	2307	30		F
349	2308	30		F
349	2309	4		F
349	2310	30		F
349	2311	30		F
349	2312	1		F
349	2313	30		F
349	2314	30		F
349	2315	30		F
349	2316	4		F
349	2317	30		F
349	2318	30		F
349	2319	1		F
349	2320	30		F
349	2321	30		F
349	2322	30		F
349	2323	4		F
349	2324	30		F
349	2325	30		F
349	2326	1		F
349	2327	30		F
349	2328	30		F
349	2329	30		F
349	2330	4		F
349	2331	30		F
349	2332	30		F
349	2333	1		F
349	2334	30		F
349	2335	30		F
349	2336	30		F
349	2337	4		F
349	2338	30		F
349	2339	30		F
349	2340	1		F
349	2341	30		F
349	2342	30		F
349	2343	30		F
349	2344	4		F
349	2345	30		F
349	2346	30		F
349	2347	1		F
349	2348	30		F
349	2349	30		F
349	2350	30		F
349	2351	4		F
349	2352	30		F
349	2353	30		F
349	2354	1		F
349	2355	30		F
349	2356	30		F
349	2357	30		F
349	2358	4		F
349	2359	30		F
349	2360	1		F
349	2361	30		F
349	2362	30		F
349	2363	30		F
349	2364	4		F
349	2365	30		F
349	2366	1		F
349	2367	30		F
349	2368	30		F
349	2369	30		F
349	2370	4		F
349	2371	30		F
349	2372	1		F
349	2373	30		F
349	2374	30		F
349	2375	30		F
349	2376	4		F
349	2377	30		F
349	2378	1		F
349	2379	30		F
349	2380	30		F
349	2381	30		F
349	2382	4		F
349	2383	30		F
349	2384	30		F
349	2385	30		F
349	2386	30		F
349	2387	30		F
349	2388	30		F
349	2389	30		F
349	2390	30		F
349	2391	30		F
349	2392	30		F
349	2393	30		F
349	2394	30		F
349	2395	30		F
349	2396	30		F
349	2397	30		F
349	2398	30		F
349	2399	30		F
349	2400	30		F
349	2401	30		F
349	2402	30		F
349	2403	30		F
349	2404	30		F
349	2405	30		F
349	2406	30		F
349	2407	30		F
349	2409	30		F
349	2410	30		F
349	2411	30		F
349	2412	30		F
349	2413	30		F
349	2414	30		F
349	2415	30		F
349	2416	30		F
349	2424	30		F
349	2425	30		F
349	2426	30		F
349	2427	30		T
349	2428	30		F
349	2429	30		F
349	2430	30		F
349	2431	30		F
349	2432	30		F
349	2433	30		F
349	2434	30		F
349	2435	30		F
349	2436	30		F
349	2437	30		F
349	2438	30		F
349	2439	30		F
349	2440	30		F
349	2441	30		F
349	2442	30		F
349	2443	30		F
349	2444	30		F
349	2445	30		F
349	2446	30		F
349	2447	30		F
349	2448	30		F
349	2449	30		F
349	2450	30		F
349	2451	30		F
349	2452	30		F
349	2453	30		F
349	2454	30		F
349	2455	30		F
349	2456	30		F
349	2457	30		F
349	2458	30		F
349	2459	30		F
349	2460	30		F
349	2461	30		F
349	2462	30		F
349	2463	30		F
349	2464	30		F
349	2465	30		F
349	2466	30		F
349	2467	30		F
349	2468	30		F
349	2469	30		F
349	2470	30		F
349	2471	30		F
349	2472	30		F
349	2473	30		F
349	2474	30		F
349	2475	30		F
349	2476	30		F
349	2477	30		F
349	2478	30		F
349	2479	30		F
349	2480	30		F
349	2481	30		F
349	2482	30		F
349	2483	30		F
349	2484	30		F
349	2485	30		F
349	2486	30		F
349	2487	30		F
349	2488	30		F
349	2489	30		F
349	2490	30		F
349	2491	30		F
349	2492	30		F
349	2493	30		F
349	2494	30		F
349	2495	30		F
349	2496	30		F
349	2497	30		F
349	2498	30		F
349	2499	30		F
349	2500	30		F
349	2501	30		F
349	2502	30		F
349	2503	30		F
349	2504	30		F
349	2505	30		F
349	2506	30		F
349	2507	30		F
349	2508	30		F
349	2509	30		F
349	2510	30		F
349	2511	30		F
349	2512	30		F
349	2513	30		F
349	2514	30		F
349	2515	30		F
349	2516	30		F
349	2517	30		F
349	2518	30		F
349	2519	30		F
349	2520	30		F
349	2521	30		F
349	2522	30		F
349	2523	30		F
349	2524	30		F
349	2525	30		F
349	2526	30		F
349	2527	30		F
349	2528	30		F
349	2529	30		F
349	2530	30		F
349	2531	30		F
349	2532	30		F
349	2533	30		F
349	2534	30		F
349	2535	30		F
349	2536	30		F
349	2537	30		F
349	2538	30		F
349	2539	30		F
349	2540	30		F
349	2541	30		F
349	2542	30		F
349	2543	30		F
349	2544	30		F
349	2545	30		F
349	2546	30		F
349	2547	30		F
349	2548	30		F
349	2549	30		F
349	2550	30		F
349	2551	30		F
349	2552	30		F
349	2553	30		F
349	2554	30		F
349	2555	30		F
349	2556	30		F
349	2557	30		F
349	2558	30		F
349	2559	30		F
349	2560	30		F
349	2561	30		F
349	2562	30		F
349	2563	30		F
349	2564	30		F
349	2565	30		F
349	2566	30		F
349	2567	30		F
349	2568	30		F
349	2569	30		F
349	2570	30		F
349	2571	30		F
349	2572	30		F
349	2573	30		F
349	2574	30		F
349	2575	30		F
349	2576	30		F
349	2577	30		F
349	2578	30		F
349	2579	30		F
349	2580	30		F
349	2581	30		F
349	2582	30		F
349	2583	30		F
349	2584	30		F
349	2585	30		F
349	2586	30		F
349	2587	30		F
349	2588	30		F
349	2589	30		F
349	2590	30		F
349	2591	30		F
349	2592	30		F
349	2593	30		F
349	2594	30		F
349	2595	30		F
349	2596	30		F
349	2597	30		F
349	2598	30		F
349	2599	30		F
349	2600	30		F
349	2601	30		F
349	2602	30		F
349	2603	30		F
349	2604	30		F
349	2605	30		F
349	2606	30		F
349	2607	30		F
349	2608	30		F
349	2609	30		F
349	2610	30		F
349	2611	30		F
349	2612	30		F
349	2613	30		F
349	2614	30		F
349	2615	30		F
349	2616	30		F
349	2617	30		F
349	2618	30		F
349	2619	30		F
349	2620	30		F
349	2621	30		F
349	2622	30		F
349	2623	30		F
349	2624	30		F
349	2625	30		F
349	2626	30		F
349	2627	30		F
349	2628	30		F
349	2629	30		F
349	2630	30		F
349	2631	30		F
349	2632	30		F
349	2633	30		F
349	2634	30		F
349	2635	30		F
349	2636	30		F
349	2637	30		F
349	2638	30		F
349	2639	30		F
349	2640	30		F
349	2641	30		F
349	2642	30		F
349	2643	30		F
349	2644	30		F
349	2645	30		F
349	2646	30		F
349	2647	30		F
349	2648	30		F
349	2649	30		F
349	2650	30		F
349	2651	30		F
349	2652	30		F
349	2653	30		F
349	2654	30		F
349	2655	30		F
349	2656	30		F
349	2657	30		F
349	2658	30		F
349	2659	30		F
349	2660	30		F
349	2661	30		F
349	2662	30		F
349	2663	30		F
349	2664	30		F
349	2665	30		F
349	2666	30		F
349	2667	30		F
349	2668	30		F
349	2677	30		F
349	2678	30		F
349	2679	30		F
349	2680	30		F
349	2681	30		F
349	2682	30		F
349	2683	30		F
349	2684	30		F
349	2685	30		F
349	2686	30		F
349	2687	30		F
349	2688	30		F
349	2689	30		F
349	2690	30		F
349	2691	30		F
349	2692	30		F
349	2693	30		F
349	2694	30		F
349	2695	30		F
349	2696	30		F
349	2697	30		F
349	2698	30		F
349	2699	30		F
349	2700	30		F
349	2701	30		F
349	2702	30		F
349	2703	30		F
349	2704	30		F
349	2705	30		F
349	2706	30		F
349	2707	30		F
349	2708	30		F
349	2709	30		F
349	2710	30		F
349	2711	30		F
349	2712	30		F
349	2713	30		F
349	2714	30		F
349	2715	30		F
349	2716	30		F
349	2717	30		F
349	2718	30		F
349	2719	30		F
349	2720	30		F
349	2721	30		F
349	2722	30		F
349	2723	30		F
349	2724	30		F
349	2725	30		F
349	2726	30		F
349	2727	30		F
349	2728	30		F
349	2729	30		F
349	2730	30		F
349	2731	30		F
349	2732	30		F
349	2733	30		F
349	2734	30		F
349	2735	30		F
349	2736	30		F
349	2737	30		F
349	2738	30		F
349	2739	30		F
349	2740	30		F
349	2741	30		F
349	2742	30		F
349	2743	30		F
349	2744	30		F
349	2745	30		F
349	2746	30		F
349	2748	30		F
349	2749	30		F
349	2755	30		F
349	2758	30		F
349	2761	30		F
349	2764	30		F
349	2777	30		F
349	2781	30		F
349	2783	30		F
349	2787	30		F
349	2794	30		F
349	2797	30		F
349	2799	30		F
349	2803	30		F
349	2806	30		F
349	2808	30		F
349	2811	30		F
349	2815	30		F
349	2819	30		F
349	2838	30		F
349	2843	30		F
349	2853	30		F
349	2855	30		F
349	2856	30		F
349	2859	30		F
349	2863	30		F
349	2864	30		F
349	2865	30		F
349	2866	30		F
349	2867	30		F
349	2868	30		F
349	2869	30		F
349	2870	30		F
349	2871	30		F
349	2872	30		F
349	2873	30		F
349	2874	30		F
349	2875	30		F
349	2876	30		F
349	2877	30		F
349	2878	30		F
349	2879	30		F
349	2880	30		F
349	2881	30		F
349	2882	30		F
349	2883	30		F
349	2884	30		F
349	2885	30		F
349	2886	30		F
349	2887	30		F
349	2888	30		F
349	2889	30		F
349	2890	30		F
349	2891	30		F
349	2892	30		F
349	2893	30		F
349	2894	30		F
349	2895	30		F
349	2896	30		F
349	2897	30		F
349	2898	30		F
349	2899	30		F
349	2900	30		F
349	2901	30		F
349	2902	30		F
349	2903	30		F
349	2904	30		F
349	2905	30		F
349	2906	30		F
349	2907	30		F
349	2908	30		F
349	2909	30		F
349	2910	30		F
349	2911	30		F
349	2912	30		F
349	2913	30		F
349	2914	30		F
349	2915	30		F
349	2916	30		F
349	2917	30		F
349	2918	30		F
349	2919	30		F
349	2920	30		F
349	2921	30		F
349	2922	30		F
349	2923	30		F
349	2924	30		F
349	2925	30		F
349	2926	30		F
349	2927	30		F
349	2928	30		F
349	2929	30		F
349	2930	30		F
349	2931	30		F
349	2932	30		F
349	2933	30		F
349	2934	30		F
349	2935	30		F
349	2936	30		F
349	2937	30		F
349	2938	30		F
349	2939	30		F
349	2940	30		F
349	2941	30		F
349	2942	30		F
349	2943	30		F
349	2944	30		F
349	2945	30		F
349	2946	30		F
349	2947	30		F
349	2948	30		F
349	2949	30		F
349	2950	30		F
349	2951	30		F
349	2952	30		F
349	2953	30		F
349	2954	30		F
349	2955	30		F
349	2956	30		F
349	2957	30		F
349	2958	30		F
349	2959	30		F
349	2960	30		F
349	2961	30		F
349	2962	30		F
349	2963	30		F
349	2964	30		F
349	2965	30		F
349	2966	30		F
349	2967	30		F
349	2968	30		F
349	2969	30		F
349	2970	30		F
349	2971	30		F
349	2972	30		F
349	2973	30		F
349	2974	30		F
349	2975	30		F
349	2976	30		F
349	2977	30		F
349	2978	30		F
349	2979	30		F
349	2980	30		F
349	2981	30		F
349	2982	30		F
349	2983	30		F
349	2984	30		F
349	2985	30		F
349	2986	30		F
349	2987	30		F
349	2988	30		F
349	2989	30		F
349	2990	30		F
349	2991	30		F
349	2992	30		F
349	2993	30		F
349	2994	30		F
349	2995	30		F
349	2996	30		F
349	2997	30		F
349	2998	30		F
349	2999	30		F
349	3000	30		F
349	3001	30		F
349	3002	30		F
349	3003	30		F
349	3004	30		F
349	3005	30		F
349	3006	30		F
349	3007	30		F
349	3008	30		F
349	3009	30		F
349	3010	30		F
349	3011	30		F
349	3012	30		F
349	3013	30		F
349	3014	30		F
349	3015	30		F
349	3016	30		F
349	3017	30		F
349	3018	30		F
349	3019	30		F
349	3020	30		F
349	3021	30		F
349	3022	30		F
349	3023	30		F
349	3024	30		F
349	3025	30		F
349	3026	30		F
349	3027	30		F
349	3028	30		F
349	3029	30		F
349	3030	30		F
349	3031	30		F
349	3032	30		F
349	3033	30		F
349	3034	30		F
349	3035	30		F
349	3036	30		F
349	3037	30		F
349	3038	30		F
349	3039	30		F
349	3040	30		F
349	3041	30		F
349	3042	30		F
349	3043	30		F
349	3044	30		F
349	3045	30		F
349	3046	30		F
349	3047	30		F
349	3048	30		F
349	3049	30		F
349	3050	30		F
349	3051	30		F
349	3052	30		F
349	3053	30		F
349	3054	30		F
349	3055	30		F
349	3056	30		F
349	3057	30		F
349	3058	30		F
349	3059	30		F
349	3060	30		F
349	3061	30		F
349	3062	30		F
349	3063	30		F
349	3064	30		F
349	3065	30		F
349	3066	30		F
349	3067	30		F
349	3068	30		F
349	3069	30		F
349	3070	30		F
349	3071	30		F
349	3072	30		F
349	3073	30		F
349	3074	30		F
349	3075	30		F
349	3076	30		F
349	3077	30		F
349	3078	30		F
349	3079	30		F
349	3080	30		F
349	3081	30		F
349	3082	30		F
349	3083	30		F
349	3084	30		F
349	3085	30		F
349	3086	30		F
349	3087	30		F
349	3089	30		F
349	3090	30		F
349	3091	30		F
349	3092	30		F
349	3093	30		F
349	3094	30		F
349	3095	30		F
349	3096	30		F
349	3097	30		F
349	3098	30		F
349	3099	30		F
349	3100	30		F
349	3101	30		F
349	3102	30		F
349	3103	30		F
349	3104	30		F
349	3105	30		F
349	3106	30		F
349	3107	30		F
349	3108	30		F
349	3109	30		F
349	3110	30		F
349	3111	30		F
349	3112	30		F
349	3113	30		F
349	3114	30		F
349	3115	30		F
349	3116	30		F
349	3117	30		F
349	3118	30		F
349	3119	30		F
349	3120	30		F
349	3121	30		F
349	3122	30		F
349	3123	30		F
349	3124	30		F
349	3125	30		F
349	3126	30		F
349	3127	30		F
349	3128	30		F
349	3129	30		F
349	3130	30		F
349	3131	30		F
349	3132	30		F
349	3133	30		F
349	3134	30		F
349	3135	30		F
349	3136	30		F
349	3137	30		F
349	3138	30		F
349	3139	30		F
349	3140	30		F
349	3141	30		F
349	3142	30		F
349	3143	30		F
349	3144	30		F
349	3145	30		F
349	3146	30		F
349	3147	30		F
349	3148	30		F
349	3149	30		F
349	3150	30		F
349	3151	30		F
349	3152	30		F
349	3153	30		F
349	3154	30		F
349	3155	30		F
349	3156	30		F
349	3157	30		F
349	3158	30		F
349	3159	30		F
349	3160	30		F
349	3161	30		F
349	3162	30		F
349	3163	30		F
349	3164	30		F
349	3165	30		F
349	3166	30		F
349	3167	30		F
349	3168	30		F
349	3169	30		F
349	3170	30		F
349	3171	30		F
349	3172	30		F
349	3173	30		F
349	3174	30		F
349	3175	30		F
349	3176	30		F
349	3177	30		F
349	3178	30		F
349	3179	30		F
349	3180	30		F
349	3181	30		F
349	3182	30		F
349	3183	30		F
349	3184	30		F
349	3185	30		F
349	3186	30		F
349	3187	30		F
349	3188	30		F
349	3189	30		F
349	3190	30		F
349	3191	30		F
349	3192	30		F
349	3193	30		F
349	3194	30		F
349	3195	30		F
349	3196	30		F
349	3197	30		F
349	3198	30		F
349	3199	30		F
349	3200	30		F
349	3201	30		F
349	3202	30		F
349	3203	30		F
349	3204	30		F
349	3205	30		F
349	3206	30		F
349	3207	30		F
349	3208	30		F
349	3209	30		F
349	3210	30		F
349	3211	30		F
349	3212	30		F
349	3213	30		F
349	3214	30		F
349	3215	30		F
349	3216	30		F
349	3217	30		F
349	3218	30		F
349	3219	30		F
349	3220	30		F
349	3221	30		F
349	3222	30		F
349	3223	30		F
349	3224	30		F
349	3225	30		F
349	3226	30		F
349	3227	30		F
349	3228	30		F
349	3229	30		F
349	3230	30		F
349	3231	30		F
349	3232	30		F
349	3233	30		F
349	3234	30		F
349	3235	30		F
349	3236	30		F
349	3237	30		F
349	3238	30		F
349	3239	30		F
349	3240	30		F
349	3241	30		F
349	3242	30		F
349	3243	30		F
349	3244	30		F
349	3245	30		F
349	3246	30		F
349	3247	30		F
349	3248	30		F
349	3249	30		F
349	3250	30		F
349	3251	30		F
349	3252	30		F
349	3253	30		F
349	3254	30		F
349	3255	30		F
349	3256	30		F
349	3257	30		F
349	3258	30		F
349	3259	30		F
349	3260	30		F
349	3261	30		F
349	3262	30		F
349	3263	30		F
349	3264	30		F
349	3265	30		F
349	3266	30		F
349	3267	30		F
349	3268	30		F
349	3269	30		F
349	3270	30		F
349	3271	30		F
349	3272	30		F
349	3273	30		F
349	3274	30		F
349	3275	30		F
349	3276	30		F
349	3277	30		F
349	3278	30		F
349	3279	30		F
349	3280	30		F
349	3281	30		F
349	3282	30		F
349	3283	30		F
349	3284	30		F
349	3285	30		F
349	3286	30		F
349	3287	30		F
349	3288	30		F
349	3289	30		F
349	3290	30		F
349	3291	30		F
349	3292	30		F
349	3293	30		F
349	3294	30		F
349	3295	30		F
349	3296	30		F
349	3297	30		F
349	3298	30		F
349	3299	30		F
349	3300	30		F
349	3301	30		F
349	3302	30		F
349	3303	30		F
349	3304	30		F
349	3305	30		F
349	3306	30		F
349	3307	30		F
349	3308	30		F
349	3309	30		F
349	3310	30		F
349	3311	30		F
349	3312	30		F
349	3313	30		F
349	3314	30		F
349	3315	30		F
349	3316	30		F
349	3317	30		F
349	3318	30		F
349	3319	30		F
349	3320	30		F
349	3321	30		F
349	3322	30		F
349	3323	30		F
349	3324	30		F
349	3325	30		F
349	3326	30		F
349	3327	30		F
349	3328	30		F
349	3329	30		F
349	3330	30		F
349	3331	30		F
349	3332	30		F
349	3333	30		F
349	3334	30		F
349	3335	30		F
349	3336	30		F
349	3337	30		F
349	3338	30		F
349	3339	30		F
349	3340	30		F
349	3341	30		F
349	3342	30		F
349	3343	30		F
349	3344	30		F
349	3345	30		F
349	3346	30		F
349	3347	30		F
349	3348	30		F
349	3349	30		F
349	3350	30		F
349	3351	30		F
349	3352	30		F
349	3353	30		F
349	3354	30		F
349	3355	30		F
349	3356	30		F
349	3357	30		F
349	3358	30		F
349	3359	30		F
349	3360	30		F
349	3361	30		F
349	3362	30		F
349	3363	30		F
349	3364	30		F
349	3365	30		F
349	3366	30		F
349	3367	30		F
349	3368	30		F
349	3369	30		F
349	3370	30		F
349	3371	30		F
349	3372	30		F
349	3373	30		F
349	3374	30		F
349	3375	30		F
349	3376	30		F
349	3377	30		F
349	3378	30		F
349	3379	30		F
349	3380	30		F
349	3381	30		F
349	3382	30		F
349	3383	30		F
349	3384	30		F
349	3385	30		F
349	3386	30		F
349	3387	30		F
349	3388	30		F
349	3389	30		F
349	3390	30		F
349	3391	30		F
349	3392	30		F
349	3393	30		F
349	3394	30		F
349	3395	30		F
349	3396	30		F
349	3397	30		F
349	3398	30		F
349	3399	30		F
349	3400	30		F
349	3401	30		F
349	3402	30		F
349	3403	30		F
349	3404	30		F
349	3405	30		F
349	3406	30		F
349	3407	30		F
349	3408	30		F
349	3409	30		F
349	3410	30		F
349	3411	30		F
349	3412	30		F
349	3413	30		F
349	3414	30		F
349	3415	30		F
349	3416	30		F
349	3417	30		F
349	3418	30		F
349	3419	30		F
349	3420	30		F
349	3421	30		F
349	3422	30		F
349	3423	30		F
349	3424	30		F
349	3425	30		F
349	3426	30		F
349	3427	30		F
349	3428	30		F
349	3429	30		F
349	3430	30		F
349	3431	30		F
349	3432	30		F
349	3433	30		F
349	3434	30		F
349	3435	30		F
349	3436	30		F
349	3437	30		F
349	3438	30		F
349	3439	30		F
349	3440	30		F
349	3441	30		F
349	3442	30		F
349	3443	30		F
349	3444	30		F
349	3445	30		F
349	3446	30		F
349	3447	30		F
349	3448	30		F
349	3449	30		F
349	3450	30		F
349	3451	30		F
349	3452	30		F
349	3453	30		F
349	3454	30		F
349	3455	30		F
349	3456	30		F
349	3457	30		F
349	3458	30		F
349	3459	30		F
349	3460	30		F
349	3461	30		F
349	3462	30		F
349	3463	30		F
349	3464	30		F
349	3465	30		F
349	3466	30		F
349	3467	30		F
349	3468	30		F
349	3469	30		F
349	3470	30		F
349	3471	30		F
349	3472	30		F
349	3473	30		F
349	3474	30		F
349	3475	30		F
349	3476	30		F
349	3477	30		F
349	3478	30		F
349	3479	30		F
349	3480	30		F
349	3481	30		F
349	3482	30		F
349	3483	30		F
349	3484	30		F
349	3485	30		F
349	3486	30		F
349	3487	30		F
349	3488	30		F
349	3489	30		F
349	3490	30		F
349	3491	30		F
349	3492	30		F
349	3493	30		F
349	3494	30		F
349	3495	30		F
349	3496	30		F
349	3497	30		F
349	3498	30		F
349	3499	30		F
349	3500	30		F
349	3501	30		F
349	3502	30		F
349	3503	30		F
349	3504	30		F
349	3505	30		F
349	3506	30		F
349	3507	30		F
349	3508	30		F
349	3509	30		F
349	3510	30		F
349	3511	30		F
349	3512	30		F
349	3513	30		F
349	3514	30		F
349	3515	30		F
349	3516	30		F
349	3517	30		F
349	3518	30		F
349	3519	30		F
349	3520	30		F
349	3521	30		F
349	3522	30		F
349	3523	30		F
349	3524	30		F
349	3525	30		F
349	3526	30		F
349	3527	30		F
349	3528	30		F
349	3529	30		F
349	3530	30		F
349	3531	30		F
349	3532	30		F
349	3533	30		F
349	3534	30		F
349	3535	30		F
349	3536	30		F
349	3537	30		F
349	3538	30		F
349	3539	30		F
349	3540	30		F
349	3541	30		F
349	3542	30		F
349	3543	30		F
349	3544	30		F
349	3545	30		F
349	3546	30		F
349	3547	30		F
349	3548	30		F
349	3549	30		F
349	3550	30		F
349	3551	30		F
349	3552	30		F
349	3553	30		F
349	3554	30		F
349	3555	30		F
349	3556	30		F
349	3557	30		F
349	3558	30		F
349	3559	30		F
349	3560	30		F
349	3561	30		F
349	3562	30		F
349	3563	30		F
349	3564	30		F
349	3565	30		F
349	3566	30		F
349	3567	30		F
349	3568	30		F
349	3569	30		F
349	3570	30		F
349	3571	30		F
349	3572	30		F
349	3573	30		F
349	3574	30		F
349	3575	30		F
349	3576	30		F
349	3577	30		F
349	3578	30		F
349	3579	30		F
349	3580	30		F
349	3581	30		F
349	3582	30		F
349	3583	30		F
349	3584	30		F
349	3585	30		F
349	3586	30		F
349	3587	30		F
349	3588	30		F
349	3589	30		F
349	3590	30		F
349	3591	30		F
349	3592	30		F
349	3593	30		F
349	3594	30		F
349	3595	30		F
349	3596	30		F
349	3597	30		F
349	3598	30		F
349	3599	30		F
349	3600	30		F
349	3601	30		F
349	3602	30		F
349	3603	30		F
349	3604	30		F
349	3605	30		F
349	3606	30		F
349	3607	30		F
349	3608	30		F
349	3609	30		F
349	3610	30		F
349	3611	30		F
349	3612	30		F
349	3613	30		F
349	3614	30		F
349	3615	30		F
349	3616	30		F
349	3617	30		F
349	3618	30		F
349	3619	30		F
349	3620	30		F
349	3621	30		F
349	3622	30		F
349	3623	30		F
349	3624	30		F
349	3625	30		F
349	3626	30		F
349	3627	30		F
349	3628	30		F
349	3629	30		F
349	3630	30		F
349	3631	30		F
349	3632	30		F
349	3633	30		F
349	3634	30		F
349	3635	30		F
349	3636	30		F
349	3637	30		F
349	3638	30		F
349	3639	30		F
349	3640	30		F
349	3641	30		F
349	3642	30		F
349	3643	30		F
349	3644	30		F
349	3645	30		F
349	3646	30		F
349	3647	30		F
349	3648	30		F
349	3649	30		F
349	3650	30		F
349	3651	30		F
349	3652	30		F
349	3653	30		F
349	3654	30		F
349	3655	30		F
349	3656	30		F
349	3657	30		F
349	3658	30		F
349	3659	30		F
349	3660	30		F
349	3661	30		F
349	3662	30		F
349	3663	30		F
349	3664	30		F
349	3665	30		F
349	3666	30		F
349	3667	30		F
349	3668	30		F
349	3669	30		F
349	3670	30		F
349	3671	30		F
349	3672	30		F
349	3673	30		F
349	3674	30		F
349	3675	30		F
349	3676	30		F
349	3677	30		F
349	3678	30		F
349	3679	30		F
349	3680	30		F
349	3681	30		F
349	3682	30		F
349	3683	30		F
349	3684	30		F
349	3685	30		F
349	3686	30		F
349	3687	30		F
349	3688	30		F
349	3689	30		F
349	3690	30		F
349	3691	30		F
349	3692	30		F
349	3693	30		F
349	3694	30		F
349	3695	30		F
349	3696	30		F
349	3697	30		F
349	3698	30		F
349	3699	30		F
349	3700	30		F
349	3701	30		F
349	3702	30		F
349	3703	30		F
349	3704	30		F
349	3705	30		F
349	3706	30		F
349	3707	30		F
349	3708	30		F
349	3709	30		F
349	3710	30		F
349	3711	30		F
349	3712	30		F
349	3713	30		F
349	3714	30		F
349	3715	30		F
349	3716	30		F
349	3717	30		F
349	3718	30		F
349	3719	30		F
349	3720	30		F
349	3721	30		F
349	3722	30		F
349	3723	30		F
349	3724	30		F
349	3725	30		F
349	3726	30		F
349	3727	30		F
349	3728	30		F
349	3729	30		F
349	3730	30		F
349	3731	30		F
349	3732	30		F
349	3733	30		F
349	3734	30		F
349	3735	30		F
349	3736	30		F
349	3737	30		F
349	3738	30		F
349	3739	30		F
349	3740	30		F
349	3741	30		F
349	3742	30		F
349	3743	30		F
349	3744	30		F
349	3745	30		F
349	3746	30		F
349	3747	30		F
349	3748	30		F
349	3749	30		F
349	3750	30		F
349	3751	30		F
349	3752	30		F
349	3753	30		F
349	3754	30		F
349	3755	30		F
349	3756	30		F
349	3757	30		F
349	3758	30		F
349	3759	30		F
349	3760	30		F
349	3761	30		F
349	3762	30		F
349	3763	30		F
349	3764	30		F
349	3765	30		F
349	3766	30		F
349	3767	30		F
349	3768	30		F
349	3769	30		F
349	3770	30		F
349	3771	30		F
349	3772	30		F
349	3773	30		F
349	3774	30		F
349	3775	30		F
349	3776	30		F
349	3777	30		F
349	3778	30		F
349	3779	30		F
349	3780	30		F
349	3781	30		F
349	3782	30		F
349	3783	30		F
349	3784	30		F
349	3785	30		F
349	3786	30		F
349	3787	30		F
349	3788	30		F
349	3789	30		F
349	3790	30		F
349	3791	30		F
349	3792	30		F
349	3793	30		F
349	3794	30		F
349	3795	30		F
349	3796	30		F
349	3797	30		F
349	3798	30		F
349	3799	30		F
349	3800	30		F
349	3801	30		F
349	3802	30		F
349	3803	30		F
349	3804	30		F
349	3805	30		F
349	3806	30		F
349	3807	30		F
349	3808	30		F
349	3809	30		F
349	3810	30		F
349	3811	30		F
349	3812	30		F
349	3813	30		F
349	3814	30		F
349	3815	30		F
349	3816	30		F
349	3817	30		F
349	3818	30		F
349	3819	30		F
349	3820	30		F
349	3821	30		F
349	3822	30		F
349	3823	30		F
349	3824	30		F
349	3825	30		F
349	3826	30		F
349	3827	30		F
349	3828	30		F
349	3829	30		F
349	3830	30		F
349	3831	30		F
349	3832	30		F
349	3833	30		F
349	3834	30		F
349	3835	30		F
349	3836	30		F
349	3837	30		F
349	3838	30		F
349	3839	30		F
349	3840	30		F
349	3841	30		F
349	3842	30		F
349	3843	30		F
349	3844	30		F
349	3845	30		F
349	3846	30		F
349	3847	30		F
349	3848	30		F
349	3849	30		F
349	3850	30		F
349	3851	30		F
349	3852	30		F
349	3853	30		F
349	3854	30		F
349	3855	30		F
349	3856	30		F
349	3857	30		F
349	3858	30		F
349	3859	30		F
349	3860	30		F
349	3861	30		F
349	3862	30		F
349	3863	30		F
349	3864	30		F
349	3865	30		F
349	3866	30		F
349	3867	30		F
349	3868	30		F
349	3869	30		F
349	3870	30		F
349	3871	30		F
349	3872	30		F
349	3873	30		F
349	3874	30		F
349	3875	30		F
349	3876	30		F
349	3877	30		F
349	3878	30		F
349	3879	30		F
349	3880	30		F
349	3881	30		F
349	3882	30		F
349	3883	30		F
349	3884	30		F
349	3885	30		F
349	3886	30		F
349	3887	30		F
349	3888	30		F
349	3889	30		F
349	3890	30		F
349	3891	30		F
349	3892	30		F
349	3893	30		F
349	3894	30		F
349	3895	30		F
349	3896	30		F
349	3897	30		F
349	3898	30		F
349	3899	30		F
349	3900	30		F
349	3901	30		F
349	3902	30		F
349	3903	30		F
349	3904	30		F
349	3905	30		F
349	3906	30		F
349	3907	30		F
349	3908	30		F
349	3909	30		F
349	3910	30		F
349	3911	30		F
349	3912	30		F
349	3913	30		F
349	3914	30		F
349	3915	30		F
349	3916	30		F
349	3917	30		F
349	3918	30		F
349	3919	30		F
349	3920	30		F
349	3921	30		F
349	3922	30		F
349	3923	30		F
349	3924	30		F
349	3925	30		F
349	3926	30		F
349	3927	30		F
349	3928	30		F
349	3929	30		F
349	3930	30		F
349	3931	30		F
349	3932	30		F
349	3933	30		F
349	3934	30		F
349	3935	30		F
349	3936	30		F
349	3937	30		F
349	3938	30		F
349	3939	30		F
349	3940	30		F
349	3941	30		F
349	3942	30		F
349	3943	30		F
349	3944	30		F
349	3945	30		F
349	3946	30		F
349	3947	30		F
349	3948	30		F
349	3949	30		F
349	3950	30		F
349	3951	30		F
349	3952	30		F
349	3953	30		F
349	3954	30		F
349	3955	30		F
349	3956	30		F
349	3957	30		F
349	3958	30		F
349	3959	30		F
349	3960	30		F
349	3961	30		F
349	3962	30		F
349	3963	30		F
349	3964	30		F
349	3965	30		F
349	3966	30		F
349	3967	30		F
349	3968	30		F
349	3969	30		F
349	3970	30		F
349	3971	30		F
349	3972	30		F
349	3973	30		F
349	3974	30		F
349	3975	30		F
349	3976	30		F
349	3977	30		F
349	3978	30		F
349	3979	30		F
349	3980	30		F
349	3981	30		F
349	3982	30		F
349	3983	30		F
349	3984	30		F
349	3985	30		F
349	3986	30		F
349	3987	30		F
349	3988	30		F
349	3989	30		F
349	3990	30		F
349	3991	30		F
349	3992	30		F
349	3993	30		F
349	3994	30		F
349	3995	30		F
349	3996	30		F
349	3997	30		F
349	3998	30		F
349	3999	30		F
349	4000	30		F
349	4001	30		F
349	4002	30		F
349	4003	30		F
349	4004	30		F
349	4005	30		F
349	4006	30		F
349	4007	30		F
349	4008	30		F
349	4009	30		F
349	4010	30		F
349	4011	30		F
349	4012	30		F
349	4013	30		F
349	4014	30		F
349	4015	30		F
349	4016	30		F
349	4017	30		F
349	4018	30		F
349	4019	30		F
349	4020	30		F
349	4021	30		F
349	4022	30		F
349	4023	30		F
349	4024	30		F
349	4025	30		F
349	4026	30		F
349	4027	30		F
349	4028	30		F
349	4029	30		F
349	4030	30		F
349	4031	30		F
349	4032	30		F
349	4033	10		F
349	4034	10		F
349	4035	10		F
349	4036	10		F
349	4037	10		F
349	4038	10		F
349	4039	30		F
349	4040	30		F
349	4049	30		F
349	4050	30		F
349	4051	30		F
349	4052	30		F
349	4053	30		F
349	4054	30		F
349	4055	30		F
349	4056	30		F
349	4057	30		F
349	4058	30		F
349	4059	30		F
349	4060	30		F
349	4061	30		F
349	4062	30		F
349	4063	30		F
349	4064	30		F
349	4065	30		F
349	4066	30		F
349	4067	30		F
349	4068	30		F
349	4069	30		F
349	4070	30		F
349	4071	30		F
349	4072	30		F
349	4073	30		F
349	4074	30		F
349	4075	30		F
349	4076	30		F
349	4077	30		F
349	4078	30		F
349	4079	30		F
349	4080	30		F
349	4081	30		F
349	4082	30		F
349	4083	30		F
349	4084	30		F
349	4085	30		F
349	4086	30		F
349	4087	30		F
349	4088	30		F
349	4089	30		F
349	4090	30		F
349	4091	30		F
349	4092	30		F
349	4093	30		F
349	4094	30		F
349	4095	30		F
349	4096	30		F
349	4097	30		F
349	4098	30		F
349	4099	30		F
349	4100	30		F
349	4101	30		F
349	4124	30		F
349	4125	30		F
349	4126	30		F
349	4127	30		F
349	4129	30		F
349	4131	30		F
349	4132	30		F
349	4133	30		F
349	4135	30		F
349	4137	30		F
349	4138	30		F
349	4140	30		F
349	4141	3		F
349	4142	30		F
349	4143	30		F
349	4145	30		F
349	4146	30		F
349	4148	30		F
349	4149	3		F
349	4150	30		F
349	4151	30		F
349	4153	30		F
349	4154	3		F
349	4161	1		F
349	4162	30		F
349	4163	30		F
349	4164	30		F
349	4165	30		F
349	4166	30		F
349	4167	30		F
349	4168	30		F
349	4169	30		F
349	4170	30		F
349	4171	30		F
349	4172	30		F
349	4173	30		F
349	4174	30		F
349	4175	30		F
349	4176	30		F
349	4177	30		F
349	4178	30		F
349	4179	30		F
349	4180	30		F
349	4181	30		F
349	4182	30		F
349	4183	30		F
349	4184	30		F
349	4185	30		F
349	4186	30		F
349	4187	30		F
349	4188	30		F
349	4189	30		F
349	4190	30		F
349	4191	30		F
349	4192	30		F
349	4193	30		F
349	4194	30		F
349	4195	30		F
349	4196	3		F
349	4197	30		F
349	4198	30		F
349	4199	30		F
349	4200	30		F
349	4201	30		F
349	4202	30		F
349	4203	30		F
349	4204	30		F
349	4205	30		F
349	4206	30		F
349	4207	30		F
349	4208	30		F
349	4209	30		F
349	4210	30		F
349	4211	30		F
349	4212	30		F
349	4213	30		F
349	4214	30		F
349	4215	30		F
349	4216	30		T
349	4217	30		F
349	4218	30		F
349	4219	30		F
349	4220	30		F
349	4221	30		F
349	4222	30		F
349	4223	30		F
349	4224	30		F
349	4225	30		F
349	4226	30		F
349	4227	30		F
349	4228	30		F
349	4229	30		F
349	4230	30		F
349	4231	30		F
349	4232	30		F
349	4233	30		F
349	4234	30		F
349	4235	30		F
349	4236	30		F
349	4237	30		F
349	4238	30		F
349	4239	30		F
349	4240	30		F
349	4241	30		F
349	4242	30		F
349	4243	30		F
349	4244	30		F
349	4245	30		F
349	4246	30		F
349	4247	30		F
349	4248	30		F
349	4249	30		F
349	4250	30		F
349	4251	30		F
349	4252	30		F
349	4253	30		F
349	4254	30		F
349	4255	30		F
349	4256	30		F
349	4257	30		F
349	4258	30		F
349	4259	30		F
349	4260	30		F
349	4261	30		F
349	4262	30		F
349	4263	30		F
349	4264	30		F
349	4265	30		F
349	4266	30		F
349	4267	30		F
349	4268	30		F
349	4269	30		F
349	4270	30		F
349	4271	30		F
349	4272	30		F
349	4273	30		F
349	4274	30		F
349	4275	30		F
349	4276	30		F
349	4277	30		F
349	4278	30		F
349	4279	30		F
349	4280	30		F
349	4281	30		F
349	4282	30		F
349	4283	30		F
349	4284	30		F
349	4285	30		F
349	4286	30		F
349	4287	30		F
349	4288	30		F
349	4289	30		F
349	4290	30		F
349	4291	30		F
349	4292	30		F
349	4293	30		F
349	4294	30		F
349	4295	30		F
349	4296	30		F
349	4297	30		F
349	4298	30		F
349	4299	30		F
349	4300	30		F
349	4301	30		F
349	4302	30		F
349	4303	30		F
349	4304	30		F
349	4305	30		F
349	4306	30		F
349	4307	30		F
349	4308	30		F
349	4309	30		F
349	4310	30		F
349	4311	30		F
349	4312	30		F
349	4313	30		F
349	4314	30		F
349	4315	30		F
349	4316	30		F
349	4317	30		F
349	4318	30		F
349	4319	30		F
349	4320	30		F
349	4321	30		F
349	4322	30		F
349	4323	30		F
349	4324	30		F
349	4325	30		F
349	4326	30		F
349	4327	30		F
349	4328	30		F
349	4329	30		F
349	4330	30		F
349	4331	30		F
349	4332	30		F
349	4333	30		F
349	4334	30		F
349	4335	30		F
349	4336	30		F
349	4337	30		F
349	4338	30		F
349	4339	30		F
349	4340	30		F
349	4341	30		F
349	4342	30		F
349	4343	30		F
349	4344	30		F
349	4345	30		F
349	4346	30		F
349	4347	30		F
349	4348	30		F
349	4349	30		F
349	4350	30		F
349	4351	30		F
349	4352	30		F
349	4353	30		F
349	4354	30		F
349	4355	30		F
349	4356	30		F
349	4357	30		F
349	4358	30		F
349	4359	30		F
349	4360	30		F
349	4361	30		F
349	4362	30		F
349	4363	30		F
349	4364	30		F
349	4365	30		F
349	4366	30		F
349	4367	30		F
349	4368	30		F
349	4369	30		F
349	4370	30		F
349	4371	30		F
349	4372	30		F
349	4373	30		F
349	4374	30		F
349	4375	30		F
349	4376	30		F
349	4377	30		F
349	4378	30		F
349	4379	30		F
349	4380	30		F
349	4381	30		F
349	4382	30		F
349	4383	30		F
349	4384	30		F
349	4385	30		F
349	4386	30		F
349	4387	30		F
349	4388	30		F
349	4389	30		F
349	4390	30		F
349	4391	30		F
349	4392	30		F
349	4393	30		F
349	4394	30		F
349	4395	30		F
349	4396	30		F
349	4397	30		F
349	4398	30		F
349	4399	30		F
349	4400	30		F
349	4401	30		F
349	4402	30		F
349	4403	30		F
349	4404	30		F
349	4405	30		F
349	4406	30		F
349	4407	30		F
349	4408	30		F
349	4409	30		F
349	4410	30		F
349	4411	30		F
349	4412	30		F
349	4413	30		F
349	4414	30		F
349	4415	30		F
349	4416	30		F
349	4417	30		F
349	4418	30		F
349	4419	30		F
349	4420	30		F
349	4421	30		F
349	4422	30		F
349	4423	30		F
349	4424	30		F
349	4425	3		F
349	4426	3		F
349	4427	3		F
349	4428	3		F
349	4429	3		F
349	4430	3		F
349	4431	5		F
349	4432	5		F
349	4433	5		F
349	4434	5		F
349	4435	5		F
349	4436	5		F
349	4437	30		F
349	4438	30		F
349	4439	30		F
349	4440	30		F
349	4441	30		F
349	4442	30		F
349	4443	30		F
349	4444	30		F
349	4445	30		F
349	4446	30		F
349	4447	30		F
349	4448	30		F
349	4449	30		F
349	4450	30		F
349	4451	30		F
349	4452	30		F
349	4453	30		F
349	4454	30		F
349	4455	30		F
349	4456	30		F
349	4457	30		F
349	4458	30		F
349	4459	30		F
349	4460	30		F
349	4461	30		F
349	4462	30		F
349	4463	30		F
349	4464	30		F
349	4465	30		F
349	4466	30		F
349	4467	30		F
349	4468	30		F
349	4469	30		F
349	4470	30		F
349	4471	30		F
349	4472	30		F
349	4473	30		F
349	4474	30		F
349	4475	30		F
349	4476	30		F
349	4477	30		F
349	4478	30		F
349	4479	30		F
349	4480	30		F
349	4481	30		F
349	4482	30		F
349	4483	30		F
349	4484	30		F
349	4485	30		F
349	4486	30		F
349	4487	1		F
349	4488	30		F
349	4489	30		F
349	4490	3		F
349	4491	3		F
349	4492	30		F
349	4493	30		F
349	4494	30		F
349	4495	30		F
349	4496	30		F
349	4497	30		F
349	4498	30		F
349	4499	30		F
349	4500	30		F
349	4501	30		F
349	4502	30		F
349	4503	30		F
349	4504	30		F
349	4505	30		F
349	4506	30		F
349	4507	30		F
349	4508	30		F
349	4509	30		F
349	4510	30		F
349	4511	30		F
349	4512	30		F
349	4513	30		F
349	4514	30		F
349	4515	30		F
349	4516	30		F
349	4517	30		F
349	4518	30		F
349	4519	30		F
349	4520	30		F
349	4521	30		F
349	4522	30		F
349	4523	30		F
349	4524	30		F
349	4525	30		F
349	4526	30		F
349	4527	30		F
349	4528	30		F
349	4529	30		F
349	4530	30		F
349	4531	30		F
349	4532	30		F
349	4533	30		F
349	4534	30		F
349	4535	30		F
349	4536	30		F
349	4537	30		F
349	4538	30		F
349	4539	30		F
349	4540	30		F
349	4541	30		F
349	4542	30		F
349	4543	30		F
349	4544	30		F
349	4545	30		F
349	4546	30		F
349	4547	30		F
349	4548	30		F
349	4549	30		F
349	4550	30		F
349	4551	30		F
349	4552	30		F
349	4553	30		F
349	4554	30		F
349	4555	30		F
349	4556	30		F
349	4557	30		F
349	4558	30		F
349	4559	30		F
349	4560	30		F
349	4561	30		F
349	4562	30		F
349	4563	30		F
349	4564	30		F
349	4565	30		F
349	4566	30		F
349	4567	30		F
349	4568	30		F
349	4569	30		F
349	4570	30		F
349	4571	30		F
349	4572	30		F
349	4573	30		F
349	4574	30		F
349	4575	30		F
349	4576	30		F
349	4577	30		F
349	4578	30		F
349	4579	30		F
349	4580	30		F
349	4581	30		F
349	4582	30		F
349	4583	30		F
349	4584	30		F
349	4585	30		F
349	4586	30		F
349	4587	30		F
349	4588	30		F
349	4589	30		F
349	4590	30		F
349	4591	30		F
349	4592	30		F
349	4593	30		F
349	4594	30		F
349	4595	30		F
349	4596	30		F
349	4597	30		F
349	4598	30		F
349	4599	30		F
349	4600	30		F
349	4601	30		F
349	4602	30		F
349	4603	30		F
349	4604	30		F
349	4605	30		F
349	4606	30		F
349	4607	30		F
349	4608	30		F
349	4609	30		F
349	4610	30		F
349	4611	30		F
349	4612	30		F
349	4613	30		F
349	4614	30		F
349	4615	30		F
349	4616	30		F
349	4617	30		F
349	4618	30		F
349	4619	30		F
349	4620	30		F
349	4621	30		F
349	4622	30		F
349	4623	30		F
349	4624	30		F
349	4625	30		F
349	4626	30		F
349	4627	30		F
349	4628	30		F
349	4629	30		F
349	4630	30		F
349	4631	30		F
349	4632	30		F
349	4633	30		F
349	4634	30		F
349	4635	30		F
349	4636	30		F
349	4637	30		F
349	4638	30		F
349	4639	30		F
349	4640	30		F
349	4641	30		F
349	4642	30		F
349	4643	30		F
349	4644	30		F
349	4645	30		F
349	4646	30		F
349	4647	30		F
349	4648	30		F
349	4661	3		F
349	4662	3		F
349	4663	3		F
349	4664	30		F
349	4665	30		F
349	4666	30		F
349	4667	30		F
349	4668	30		F
349	4669	30		F
349	4670	30		F
349	4671	30		F
349	4672	30		F
349	4673	30		F
349	4674	30		F
349	4675	30		F
349	4676	30		F
349	4677	30		F
349	4678	30		F
349	4679	30		F
349	4680	30		F
349	4681	30		F
349	4682	30		F
349	4683	30		F
349	4684	30		F
349	4685	30		F
349	4686	30		F
349	4687	30		F
349	4688	30		F
349	4689	30		F
349	4690	30		F
349	4691	30		F
349	4692	30		F
349	4693	30		F
349	4694	30		F
349	4695	30		F
349	4696	30		F
349	4697	30		F
349	4698	30		F
349	4699	30		F
349	4700	30		F
349	4701	30		F
349	4702	30		F
349	4703	30		F
349	4704	30		F
349	4705	30		F
349	4706	30		F
349	4707	30		F
349	4708	30		F
349	4709	30		F
349	4710	30		F
349	4711	30		F
349	4712	30		F
349	4713	30		F
349	4714	30		F
349	4715	30		F
349	4716	30		F
349	4717	30		F
349	4718	30		F
349	4719	30		F
349	4726	30		F
349	4727	3		F
349	4739	30		F
349	4740	30		F
349	4741	30		F
349	4742	30		F
349	4743	30		F
349	4744	30		F
349	4745	30		F
349	4746	30		F
349	4747	30		F
349	4748	30		F
349	4749	30		F
349	4750	30		F
349	4751	30		F
349	4753	30		F
349	4755	30		F
349	4756	30		F
349	4757	30		F
349	4758	30		F
349	4759	30		F
349	4760	30		F
349	4761	30		F
349	4762	30		F
349	4763	30		F
349	4764	30		F
349	4765	30		F
349	4766	30		F
349	4767	30		F
349	4768	30		F
349	4769	30		F
349	4770	30		F
349	4771	30		F
349	4772	30		F
349	4773	30		F
349	4774	30		F
349	4775	30		F
349	4776	30		F
349	4779	1		F
349	4780	30		F
349	4781	30		F
349	4782	30		F
349	4783	30		F
349	4784	30		F
349	4785	30		F
349	4786	30		F
349	4787	30		F
349	4788	30		F
349	4789	30		F
349	4790	30		F
349	4791	30		F
349	4792	30		F
349	4793	30		F
349	4794	30		F
349	4795	30		F
349	4796	30		F
349	4797	30		F
349	4798	30		F
349	4799	30		F
349	4800	30		F
349	4801	30		F
349	4802	30		F
349	4803	30		F
349	4804	30		F
349	4805	30		F
349	4806	30		F
349	4807	30		F
349	4808	30		F
349	4809	30		F
349	4810	30		F
349	4811	30		F
349	4812	30		F
349	4813	30		F
349	4814	30		F
349	4815	30		F
349	4816	30		F
349	4817	30		F
349	4818	30		F
349	4819	30		F
349	4820	30		F
349	4821	30		F
349	4822	30		F
349	4825	30		F
349	4826	30		F
349	4827	30		F
349	4828	30		F
349	4829	30		F
349	4830	30		F
349	4831	30		F
349	4832	30		F
349	4833	30		F
349	4834	30		F
349	4835	30		F
349	4836	30		F
349	4837	30		F
349	4838	30		F
349	4839	30		F
349	4840	30		F
349	4841	30		F
349	4842	30		F
349	4843	30		F
349	4844	30		F
349	4845	30		F
349	4846	30		F
349	4847	30		F
349	4848	30		F
349	4849	30		F
349	4850	30		F
349	4851	30		F
349	4852	30		F
349	4853	30		F
349	4854	30		F
349	4855	30		F
349	4856	30		F
349	4857	30		F
349	4858	30		F
349	4859	30		F
349	4860	30		F
349	4861	30		F
349	4862	30		F
349	4863	30		F
349	4864	30		F
349	4865	30		F
349	4866	30		F
349	4867	30		F
349	4871	10		F
349	4873	30		F
349	4874	30		F
349	4875	30		F
349	4876	30		F
349	4877	30		F
349	4878	30		F
349	4879	30		F
349	4880	30		F
349	4881	30		F
349	4882	30		F
349	4883	30		F
349	4884	30		F
349	4885	7		F
349	4886	30		F
349	4888	20		F
349	4889	10		F
349	4890	10		F
349	4891	6		F
349	4892	10		F
349	4893	10		F
349	4894	10		F
349	4895	10		F
349	4896	10		F
349	4897	10		F
349	4898	10		F
349	4899	6		F
349	4900	10		F
349	4901	10		F
349	4902	10		F
349	4903	15		F
349	4904	8		F
349	4905	15		F
349	4906	15		F
349	4907	15		F
349	4908	15		F
349	4909	15		F
349	4910	15		F
349	4911	8		F
349	4912	8		F
349	4918	30		F
349	4919	30		F
349	4920	30		F
349	4921	30		F
349	4922	30		F
349	4923	30		F
349	4932	30		F
349	4933	30		F
349	4934	30		F
349	4935	30		F
349	4936	30		F
349	4937	30		F
349	4938	30		F
349	4939	30		F
349	4940	10		F
349	4941	10		F
349	4942	10		F
349	4943	10		F
349	4944	30		F
349	4945	30		F
349	4946	30		F
349	4947	30		F
349	4949	30		F
349	4950	30		F
349	4951	30		F
