349	2	1	161
349	2	1	162
349	2	8	163
349	2	8	164
349	2	8	165
349	2	11	166
349	2	11	167
349	2	15	178
349	2	15	179
349	2	16	178
349	2	16	181
349	2	16	182
349	2	19	193
349	2	20	194
349	2	20	195
349	2	20	196
349	2	24	207
349	2	24	208
349	2	25	209
349	2	25	210
349	2	27	191
349	2	28	179
349	2	28	262
349	2	29	191
349	2	30	179
349	2	30	272
349	2	31	191
349	2	32	179
349	2	32	280
349	2	33	191
349	2	34	179
349	2	34	290
349	2	35	294
349	2	36	179
349	2	36	299
349	2	37	303
349	2	38	179
349	2	38	308
349	2	39	312
349	2	39	313
349	2	42	179
349	2	42	262
349	2	43	179
349	2	43	272
349	2	44	179
349	2	44	280
349	2	45	179
349	2	45	290
349	2	46	179
349	2	46	299
349	2	47	179
349	2	47	308
349	2	48	207
349	2	48	345
349	2	48	362
349	2	49	207
349	2	49	363
349	2	49	364
349	2	50	169
349	2	50	365
349	2	50	366
349	2	51	226
349	2	52	367
349	2	52	368
349	2	53	370
349	2	54	370
349	2	55	371
349	2	56	169
349	2	56	372
349	2	57	170
349	2	57	377
349	2	58	170
349	2	58	378
349	2	59	169
349	2	59	199
349	2	59	379
349	2	59	380
349	2	60	169
349	2	60	382
349	2	60	383
349	2	61	169
349	2	61	372
349	2	61	384
349	2	61	385
349	2	62	178
349	2	62	386
349	2	63	178
349	2	63	372
349	2	64	178
349	2	64	386
349	2	65	170
349	2	66	170
349	4	417	425
349	4	419	442
349	4	419	443
349	4	420	425
349	4	420	444
349	4	421	425
349	4	421	451
349	4	422	425
349	4	422	454
349	4	423	478
349	4	424	425
349	4	424	481
349	4	425	191
349	4	425	459
349	4	425	483
349	4	426	486
349	4	426	487
349	4	427	495
349	4	427	496
349	4	428	495
349	4	428	496
349	4	429	495
349	4	429	496
349	4	430	495
349	4	430	496
349	4	431	495
349	4	431	496
349	4	432	191
349	4	433	497
349	4	433	498
349	4	434	505
349	4	435	425
349	4	435	509
349	4	436	191
349	4	436	510
349	4	437	226
349	4	438	191
349	4	438	510
349	4	440	226
349	4	441	425
349	4	441	509
349	4	443	337
349	4	443	425
349	4	443	524
349	4	444	191
349	4	444	525
349	4	445	191
349	4	445	510
349	4	446	425
349	4	446	509
349	4	448	425
349	4	448	549
349	4	449	552
349	4	449	553
349	4	450	552
349	4	450	554
349	4	450	555
349	4	451	552
349	4	451	555
349	4	451	556
349	29	11	166
349	29	11	167
349	29	419	442
349	29	419	443
349	29	420	425
349	29	420	444
349	29	421	425
349	29	421	451
349	29	422	425
349	29	422	454
349	29	423	478
349	29	425	191
349	29	425	459
349	29	425	483
349	29	433	497
349	29	433	498
349	29	434	505
349	29	435	425
349	29	435	509
349	29	436	191
349	29	436	510
349	29	437	226
349	29	438	191
349	29	438	510
349	29	440	226
349	29	441	425
349	29	441	509
349	29	444	191
349	29	444	525
349	29	445	191
349	29	445	510
349	29	446	425
349	29	446	509
349	29	448	425
349	29	448	549
349	29	467	175
349	29	468	170
349	29	468	175
349	29	469	170
349	29	469	175
349	61	11	166
349	61	11	167
349	61	19	193
349	61	419	442
349	61	419	443
349	61	420	425
349	61	420	444
349	61	421	425
349	61	421	451
349	61	422	425
349	61	422	454
349	61	423	478
349	61	425	191
349	61	425	459
349	61	425	483
349	61	426	486
349	61	426	487
349	61	433	497
349	61	433	498
349	61	434	505
349	61	435	425
349	61	435	509
349	61	436	191
349	61	436	510
349	61	437	226
349	61	438	191
349	61	438	510
349	61	440	226
349	61	441	425
349	61	441	509
349	61	443	337
349	61	443	425
349	61	443	524
349	61	444	191
349	61	444	525
349	61	445	191
349	61	445	510
349	61	446	425
349	61	446	509
349	61	448	425
349	61	448	549
349	61	449	552
349	61	449	553
349	61	450	552
349	61	450	554
349	61	450	555
349	61	451	552
349	61	451	555
349	61	451	556
349	61	467	175
349	61	468	170
349	61	468	175
349	61	469	170
349	61	469	175
349	70	11	166
349	70	11	167
349	70	419	442
349	70	419	443
349	70	420	425
349	70	420	444
349	70	421	425
349	70	421	451
349	70	422	425
349	70	422	454
349	70	423	478
349	70	425	191
349	70	425	459
349	70	425	483
349	70	427	495
349	70	427	496
349	70	428	495
349	70	428	496
349	70	429	495
349	70	429	496
349	70	430	495
349	70	430	496
349	70	431	495
349	70	431	496
349	70	433	497
349	70	433	498
349	70	434	505
349	70	435	425
349	70	435	509
349	70	436	191
349	70	436	510
349	70	437	226
349	70	438	191
349	70	438	510
349	70	440	226
349	70	441	425
349	70	441	509
349	70	443	337
349	70	443	425
349	70	443	524
349	70	444	191
349	70	444	525
349	70	445	191
349	70	445	510
349	70	446	425
349	70	446	509
349	70	448	425
349	70	448	549
349	70	449	552
349	70	449	553
349	70	450	552
349	70	450	554
349	70	450	555
349	70	451	552
349	70	451	555
349	70	451	556
349	70	467	175
349	70	468	170
349	70	468	175
349	70	469	170
349	70	469	175
349	99	11	166
349	99	11	167
349	99	19	193
349	99	52	367
349	99	52	368
349	99	53	370
349	99	54	370
349	99	419	442
349	99	419	443
349	99	420	425
349	99	420	444
349	99	421	425
349	99	421	451
349	99	422	425
349	99	422	454
349	99	423	478
349	99	424	425
349	99	424	481
349	99	425	191
349	99	425	459
349	99	425	483
349	99	426	486
349	99	426	487
349	99	433	497
349	99	433	498
349	99	434	505
349	99	435	425
349	99	435	509
349	99	436	191
349	99	436	510
349	99	437	226
349	99	438	191
349	99	438	510
349	99	440	226
349	99	441	425
349	99	441	509
349	99	443	337
349	99	443	425
349	99	443	524
349	99	444	191
349	99	444	525
349	99	445	191
349	99	445	510
349	99	446	425
349	99	446	509
349	99	448	425
349	99	448	549
349	99	449	552
349	99	449	553
349	99	450	552
349	99	450	554
349	99	450	555
349	99	451	552
349	99	451	555
349	99	451	556
349	99	467	175
349	99	468	170
349	99	468	175
349	99	469	170
349	99	469	175
349	140	484	175
349	140	484	815
349	140	485	175
349	140	485	815
349	140	485	816
349	140	486	829
349	140	486	830
349	140	486	831
349	140	487	175
349	140	487	815
349	140	487	816
349	140	488	831
349	140	488	841
349	140	488	842
349	140	489	175
349	140	489	815
349	140	490	815
349	140	490	847
349	140	491	175
349	140	491	850
349	140	492	175
349	140	492	850
349	140	492	851
349	140	493	831
349	140	493	856
349	140	493	857
349	140	494	175
349	140	494	850
349	140	494	851
349	140	495	831
349	140	495	865
349	140	495	866
349	140	496	175
349	140	496	850
349	140	497	850
349	140	497	871
349	140	498	175
349	140	498	873
349	140	499	175
349	140	499	873
349	140	499	874
349	140	500	831
349	140	500	875
349	140	500	876
349	140	501	175
349	140	501	873
349	140	501	874
349	140	502	831
349	140	502	883
349	140	502	884
349	140	503	175
349	140	503	873
349	140	504	873
349	140	504	889
349	140	505	175
349	140	505	891
349	140	506	175
349	140	506	891
349	140	506	892
349	140	507	831
349	140	507	893
349	140	507	894
349	140	508	175
349	140	508	891
349	140	508	892
349	140	509	831
349	140	509	901
349	140	509	902
349	140	510	175
349	140	510	891
349	140	511	891
349	140	511	907
349	140	512	175
349	140	512	909
349	140	513	175
349	140	513	909
349	140	513	910
349	140	514	831
349	140	514	911
349	140	514	912
349	140	515	175
349	140	515	909
349	140	515	910
349	140	516	831
349	140	516	923
349	140	516	924
349	140	517	175
349	140	517	909
349	140	518	909
349	140	518	929
349	140	519	175
349	140	519	931
349	140	520	175
349	140	520	931
349	140	520	932
349	140	521	831
349	140	521	933
349	140	521	934
349	140	522	175
349	140	522	931
349	140	522	932
349	140	523	831
349	140	523	945
349	140	523	946
349	140	524	175
349	140	524	931
349	140	525	931
349	140	525	951
349	140	526	175
349	140	526	953
349	140	527	175
349	140	527	953
349	140	527	954
349	140	528	831
349	140	528	955
349	140	528	956
349	140	529	175
349	140	529	953
349	140	529	954
349	140	530	831
349	140	530	965
349	140	530	966
349	140	531	175
349	140	531	953
349	140	532	953
349	140	532	971
349	140	533	175
349	140	533	973
349	140	534	175
349	140	534	973
349	140	534	974
349	140	535	831
349	140	535	975
349	140	535	976
349	140	536	175
349	140	536	973
349	140	536	974
349	140	537	831
349	140	537	982
349	140	537	983
349	140	538	175
349	140	538	973
349	140	539	973
349	140	539	988
349	140	540	175
349	140	540	990
349	140	541	175
349	140	541	990
349	140	541	991
349	140	542	831
349	140	542	992
349	140	542	993
349	140	543	175
349	140	543	990
349	140	543	991
349	140	544	831
349	140	544	999
349	140	544	1000
349	140	545	175
349	140	545	990
349	140	546	990
349	140	546	1005
349	140	547	175
349	140	547	1006
349	140	548	175
349	140	548	1006
349	140	548	1007
349	140	549	831
349	140	549	1008
349	140	549	1009
349	140	550	175
349	140	550	1006
349	140	550	1007
349	140	551	831
349	140	551	1018
349	140	551	1019
349	140	552	175
349	140	552	1006
349	140	553	1006
349	140	553	1024
349	140	554	175
349	140	554	1026
349	140	555	175
349	140	555	1026
349	140	555	1027
349	140	556	831
349	140	556	1031
349	140	556	1032
349	140	557	175
349	140	557	1026
349	140	557	1027
349	140	558	831
349	140	558	1039
349	140	558	1040
349	140	559	1026
349	140	560	1026
349	140	560	1046
349	140	560	1047
349	140	561	175
349	140	561	1049
349	140	562	175
349	140	562	1050
349	140	562	1051
349	140	563	831
349	140	563	1055
349	140	563	1056
349	140	564	175
349	140	564	1050
349	140	564	1051
349	140	565	831
349	140	565	1062
349	140	565	1063
349	140	566	1050
349	140	567	1050
349	140	567	1068
349	140	568	175
349	140	568	1070
349	140	569	175
349	140	569	1070
349	140	569	1071
349	140	570	831
349	140	570	1072
349	140	570	1073
349	140	571	175
349	140	571	1070
349	140	571	1071
349	140	572	831
349	140	572	1082
349	140	572	1083
349	140	573	1070
349	140	574	1070
349	140	574	1088
349	140	575	175
349	140	575	1090
349	140	576	175
349	140	576	1090
349	140	576	1091
349	140	577	831
349	140	577	1092
349	140	577	1093
349	140	578	175
349	140	578	1090
349	140	578	1091
349	140	579	831
349	140	579	1101
349	140	579	1102
349	140	580	1090
349	140	581	1090
349	140	581	1107
349	140	582	175
349	140	582	1109
349	140	583	175
349	140	583	1091
349	140	583	1109
349	140	584	831
349	140	584	1110
349	140	584	1111
349	140	585	175
349	140	585	1109
349	140	586	831
349	140	586	1118
349	140	586	1119
349	140	587	1109
349	140	588	1109
349	140	588	1124
349	140	589	175
349	140	589	1126
349	140	590	175
349	140	590	1126
349	140	590	1127
349	140	591	831
349	140	591	1128
349	140	591	1129
349	140	592	175
349	140	592	1126
349	140	592	1127
349	140	593	831
349	140	593	1135
349	140	593	1136
349	140	594	1126
349	140	595	1126
349	140	595	1141
349	140	596	175
349	140	596	1143
349	140	597	175
349	140	597	1143
349	140	597	1144
349	140	598	831
349	140	598	1145
349	140	598	1146
349	140	599	175
349	140	599	1143
349	140	599	1144
349	140	600	831
349	140	600	1152
349	140	600	1153
349	140	601	1143
349	140	602	1143
349	140	602	1158
349	140	603	175
349	140	603	1160
349	140	604	175
349	140	604	1160
349	140	604	1161
349	140	605	831
349	140	605	1162
349	140	605	1163
349	140	606	175
349	140	606	1160
349	140	606	1161
349	140	607	831
349	140	607	1170
349	140	607	1171
349	140	608	1160
349	140	609	1160
349	140	609	1176
349	140	610	175
349	140	610	1178
349	140	611	175
349	140	611	1178
349	140	611	1179
349	140	612	831
349	140	612	1180
349	140	612	1181
349	140	613	175
349	140	613	1178
349	140	613	1179
349	140	614	831
349	140	614	1187
349	140	614	1188
349	140	615	1178
349	140	616	1178
349	140	616	1193
349	140	617	175
349	140	617	1195
349	140	618	175
349	140	618	1195
349	140	618	1196
349	140	619	831
349	140	619	1197
349	140	619	1198
349	140	620	175
349	140	620	1195
349	140	620	1196
349	140	621	831
349	140	621	1204
349	140	621	1205
349	140	622	1195
349	140	623	1195
349	140	623	1210
349	140	624	175
349	140	624	1212
349	140	625	175
349	140	625	1212
349	140	625	1213
349	140	626	831
349	140	626	1214
349	140	626	1215
349	140	627	175
349	140	627	1212
349	140	627	1213
349	140	628	831
349	140	628	1219
349	140	628	1220
349	140	629	1212
349	140	630	1212
349	140	630	1225
349	140	631	175
349	140	631	1227
349	140	632	175
349	140	632	1227
349	140	632	1228
349	140	633	831
349	140	633	1229
349	140	633	1230
349	140	634	175
349	140	634	1227
349	140	634	1228
349	140	635	831
349	140	635	1234
349	140	635	1235
349	140	636	1227
349	140	637	1227
349	140	637	1240
349	140	638	175
349	140	638	1242
349	140	639	175
349	140	639	1242
349	140	639	1243
349	140	640	831
349	140	640	1244
349	140	640	1245
349	140	641	175
349	140	641	1242
349	140	641	1243
349	140	642	831
349	140	642	1251
349	140	642	1252
349	140	643	1242
349	140	644	1242
349	140	644	1257
349	140	645	175
349	140	645	1259
349	140	646	175
349	140	646	1259
349	140	646	1260
349	140	647	831
349	140	647	1264
349	140	647	1265
349	140	648	175
349	140	648	1259
349	140	648	1260
349	140	649	831
349	140	649	1272
349	140	649	1273
349	140	650	175
349	140	650	1259
349	140	651	1259
349	140	651	1278
349	140	652	175
349	140	652	1280
349	140	653	175
349	140	653	1280
349	140	653	1281
349	140	654	175
349	140	654	1280
349	140	654	1281
349	140	655	175
349	140	655	1280
349	140	656	1280
349	140	656	1282
349	140	657	175
349	140	657	1284
349	140	658	175
349	140	658	1284
349	140	658	1285
349	140	659	831
349	140	659	1286
349	140	659	1287
349	140	660	175
349	140	660	1284
349	140	660	1285
349	140	661	831
349	140	661	1293
349	140	661	1294
349	140	662	175
349	140	662	1284
349	140	663	1284
349	140	663	1299
349	140	664	175
349	140	664	1301
349	140	665	175
349	140	665	1301
349	140	665	1302
349	140	666	831
349	140	666	1303
349	140	666	1304
349	140	667	175
349	140	667	1301
349	140	667	1302
349	140	668	831
349	140	668	1310
349	140	668	1311
349	140	669	175
349	140	669	1301
349	140	670	1301
349	140	670	1316
349	140	671	175
349	140	671	382
349	140	672	175
349	140	672	382
349	140	672	1318
349	140	673	831
349	140	673	1319
349	140	673	1320
349	140	674	175
349	140	674	382
349	140	674	1318
349	140	675	831
349	140	675	1333
349	140	675	1334
349	140	676	175
349	140	676	382
349	140	677	382
349	140	677	1339
349	140	678	175
349	140	678	1341
349	140	679	175
349	140	679	1341
349	140	679	1342
349	140	680	831
349	140	680	1348
349	140	680	1349
349	140	681	175
349	140	681	337
349	140	681	563
349	140	681	1341
349	140	681	1353
349	140	681	1354
349	140	682	1341
349	140	682	1355
349	140	683	175
349	140	683	1357
349	140	684	175
349	140	684	1357
349	140	684	1358
349	140	685	831
349	140	685	1362
349	140	685	1363
349	140	686	175
349	140	686	188
349	140	686	326
349	140	686	337
349	140	686	563
349	140	686	1357
349	140	687	1357
349	140	687	1367
349	140	688	175
349	140	688	1369
349	140	689	175
349	140	689	1369
349	140	689	1370
349	140	690	831
349	140	690	1371
349	140	690	1372
349	140	691	175
349	140	691	1369
349	140	691	1376
349	140	692	175
349	140	692	1378
349	140	693	175
349	140	693	1378
349	140	694	831
349	140	694	1379
349	140	694	1380
349	140	695	175
349	140	695	1378
349	140	695	1384
349	140	696	175
349	140	696	1386
349	140	697	175
349	140	697	1386
349	140	698	831
349	140	698	1387
349	140	698	1388
349	140	699	175
349	140	699	1392
349	140	699	1393
349	140	700	831
349	140	700	1396
349	140	700	1397
349	140	701	1402
349	140	702	175
349	140	702	1386
349	140	702	1403
349	140	703	175
349	140	703	1386
349	140	703	1404
349	140	704	175
349	140	704	1406
349	140	705	175
349	140	705	1406
349	140	705	1407
349	140	706	175
349	140	706	1406
349	140	706	1407
349	140	707	1406
349	140	708	175
349	140	708	1406
349	140	708	1410
349	140	709	175
349	140	709	1412
349	140	710	175
349	140	710	1412
349	140	710	1413
349	140	711	175
349	140	711	1412
349	140	711	1413
349	140	712	175
349	140	712	1412
349	140	713	1412
349	140	713	1417
349	140	714	175
349	140	714	1419
349	140	715	175
349	140	715	1419
349	140	715	1420
349	140	716	831
349	140	716	1421
349	140	716	1422
349	140	717	175
349	140	717	1419
349	140	717	1420
349	140	718	831
349	140	718	1428
349	140	718	1429
349	140	719	175
349	140	719	1419
349	140	720	1419
349	140	720	1434
349	140	721	175
349	140	721	1436
349	140	722	175
349	140	722	1436
349	140	722	1437
349	140	723	831
349	140	723	1438
349	140	723	1439
349	140	724	175
349	140	724	1436
349	140	724	1437
349	140	725	831
349	140	725	1446
349	140	725	1447
349	140	726	175
349	140	726	1436
349	140	727	1436
349	140	727	1452
349	140	728	175
349	140	728	1454
349	140	729	175
349	140	729	1454
349	140	729	1455
349	140	730	831
349	140	730	1456
349	140	730	1457
349	140	731	175
349	140	731	1454
349	140	731	1461
349	140	739	1464
349	140	740	1465
349	140	740	1466
349	140	741	1465
349	140	741	1466
349	140	742	1470
349	140	743	1470
349	140	744	170
349	140	745	170
349	140	745	1473
349	140	745	1474
349	140	746	1465
349	140	746	1466
349	140	747	1465
349	140	747	1466
349	140	748	1465
349	140	748	1466
349	140	749	1475
349	140	750	831
349	140	750	1476
349	140	750	1477
349	140	751	831
349	140	751	1478
349	140	751	1479
349	140	752	831
349	140	752	1480
349	140	752	1481
349	140	753	831
349	140	753	1482
349	140	753	1483
349	140	754	831
349	140	754	1484
349	140	754	1485
349	140	755	831
349	140	755	1486
349	140	755	1487
349	140	756	831
349	140	756	1488
349	140	756	1489
349	140	757	831
349	140	757	1490
349	140	757	1491
349	140	758	1492
349	140	759	831
349	140	759	1476
349	140	759	1493
349	140	760	831
349	140	760	1478
349	140	760	1494
349	140	761	831
349	140	761	1480
349	140	761	1495
349	140	762	831
349	140	762	1482
349	140	762	1496
349	140	763	831
349	140	763	1484
349	140	763	1497
349	140	764	831
349	140	764	1486
349	140	764	1498
349	140	765	175
349	140	766	831
349	140	767	831
349	140	768	177
349	140	768	1503
349	140	769	175
349	144	11	166
349	144	11	167
349	144	20	194
349	144	20	195
349	144	20	196
349	144	25	209
349	144	25	210
349	144	50	169
349	144	50	365
349	144	50	366
349	144	443	337
349	144	443	425
349	144	443	524
349	144	444	191
349	144	444	525
349	144	484	175
349	144	484	815
349	144	485	175
349	144	485	815
349	144	485	816
349	144	487	175
349	144	487	815
349	144	487	816
349	144	491	175
349	144	491	850
349	144	492	175
349	144	492	850
349	144	492	851
349	144	494	175
349	144	494	850
349	144	494	851
349	144	498	175
349	144	498	873
349	144	499	175
349	144	499	873
349	144	499	874
349	144	501	175
349	144	501	873
349	144	501	874
349	144	505	175
349	144	505	891
349	144	506	175
349	144	506	891
349	144	506	892
349	144	508	175
349	144	508	891
349	144	508	892
349	144	512	175
349	144	512	909
349	144	513	175
349	144	513	909
349	144	513	910
349	144	515	175
349	144	515	909
349	144	515	910
349	144	519	175
349	144	519	931
349	144	520	175
349	144	520	931
349	144	520	932
349	144	522	175
349	144	522	931
349	144	522	932
349	144	526	175
349	144	526	953
349	144	527	175
349	144	527	953
349	144	527	954
349	144	529	175
349	144	529	953
349	144	529	954
349	144	547	175
349	144	547	1006
349	144	548	175
349	144	548	1006
349	144	548	1007
349	144	550	175
349	144	550	1006
349	144	550	1007
349	144	554	175
349	144	554	1026
349	144	555	175
349	144	555	1026
349	144	555	1027
349	144	557	175
349	144	557	1026
349	144	557	1027
349	144	561	175
349	144	561	1049
349	144	562	175
349	144	562	1050
349	144	562	1051
349	144	564	175
349	144	564	1050
349	144	564	1051
349	144	568	175
349	144	568	1070
349	144	569	175
349	144	569	1070
349	144	569	1071
349	144	571	175
349	144	571	1070
349	144	571	1071
349	144	575	175
349	144	575	1090
349	144	576	175
349	144	576	1090
349	144	576	1091
349	144	578	175
349	144	578	1090
349	144	578	1091
349	144	583	175
349	144	583	1091
349	144	583	1109
349	144	585	175
349	144	585	1109
349	144	590	175
349	144	590	1126
349	144	590	1127
349	144	592	175
349	144	592	1126
349	144	592	1127
349	144	597	175
349	144	597	1143
349	144	597	1144
349	144	599	175
349	144	599	1143
349	144	599	1144
349	144	604	175
349	144	604	1160
349	144	604	1161
349	144	606	175
349	144	606	1160
349	144	606	1161
349	144	618	175
349	144	618	1195
349	144	618	1196
349	144	622	1195
349	144	624	175
349	144	624	1212
349	144	629	1212
349	144	631	175
349	144	631	1227
349	144	636	1227
349	144	638	175
349	144	638	1242
349	144	643	1242
349	144	645	175
349	144	645	1259
349	144	646	175
349	144	646	1259
349	144	646	1260
349	144	648	175
349	144	648	1259
349	144	648	1260
349	144	652	175
349	144	652	1280
349	144	653	175
349	144	653	1280
349	144	653	1281
349	144	654	175
349	144	654	1280
349	144	654	1281
349	144	657	175
349	144	657	1284
349	144	658	175
349	144	658	1284
349	144	658	1285
349	144	660	175
349	144	660	1284
349	144	660	1285
349	144	664	175
349	144	664	1301
349	144	665	175
349	144	665	1301
349	144	665	1302
349	144	667	175
349	144	667	1301
349	144	667	1302
349	144	671	175
349	144	671	382
349	144	672	175
349	144	672	382
349	144	672	1318
349	144	674	175
349	144	674	382
349	144	674	1318
349	144	678	175
349	144	678	1341
349	144	679	175
349	144	679	1341
349	144	679	1342
349	144	683	175
349	144	683	1357
349	144	684	175
349	144	684	1357
349	144	684	1358
349	144	688	175
349	144	688	1369
349	144	689	175
349	144	689	1369
349	144	689	1370
349	144	692	175
349	144	692	1378
349	144	693	175
349	144	693	1378
349	144	696	175
349	144	696	1386
349	144	704	175
349	144	704	1406
349	144	705	175
349	144	705	1406
349	144	705	1407
349	144	706	175
349	144	706	1406
349	144	706	1407
349	144	709	175
349	144	709	1412
349	144	710	175
349	144	710	1412
349	144	710	1413
349	144	711	175
349	144	711	1412
349	144	711	1413
349	144	714	175
349	144	714	1419
349	144	715	175
349	144	715	1419
349	144	715	1420
349	144	717	175
349	144	717	1419
349	144	717	1420
349	183	11	166
349	183	11	167
349	183	20	194
349	183	20	195
349	183	20	196
349	183	25	209
349	183	25	210
349	183	443	337
349	183	443	425
349	183	443	524
349	183	444	191
349	183	444	525
349	183	484	175
349	183	484	815
349	183	485	175
349	183	485	815
349	183	485	816
349	183	487	175
349	183	487	815
349	183	487	816
349	183	491	175
349	183	491	850
349	183	492	175
349	183	492	850
349	183	492	851
349	183	494	175
349	183	494	850
349	183	494	851
349	183	498	175
349	183	498	873
349	183	499	175
349	183	499	873
349	183	499	874
349	183	501	175
349	183	501	873
349	183	501	874
349	183	505	175
349	183	505	891
349	183	506	175
349	183	506	891
349	183	506	892
349	183	508	175
349	183	508	891
349	183	508	892
349	183	512	175
349	183	512	909
349	183	513	175
349	183	513	909
349	183	513	910
349	183	515	175
349	183	515	909
349	183	515	910
349	183	519	175
349	183	519	931
349	183	520	175
349	183	520	931
349	183	520	932
349	183	522	175
349	183	522	931
349	183	522	932
349	183	526	175
349	183	526	953
349	183	527	175
349	183	527	953
349	183	527	954
349	183	529	175
349	183	529	953
349	183	529	954
349	183	547	175
349	183	547	1006
349	183	548	175
349	183	548	1006
349	183	548	1007
349	183	550	175
349	183	550	1006
349	183	550	1007
349	183	554	175
349	183	554	1026
349	183	555	175
349	183	555	1026
349	183	555	1027
349	183	557	175
349	183	557	1026
349	183	557	1027
349	183	561	175
349	183	561	1049
349	183	562	175
349	183	562	1050
349	183	562	1051
349	183	564	175
349	183	564	1050
349	183	564	1051
349	183	568	175
349	183	568	1070
349	183	569	175
349	183	569	1070
349	183	569	1071
349	183	571	175
349	183	571	1070
349	183	571	1071
349	183	575	175
349	183	575	1090
349	183	576	175
349	183	576	1090
349	183	576	1091
349	183	578	175
349	183	578	1090
349	183	578	1091
349	183	583	175
349	183	583	1091
349	183	583	1109
349	183	585	175
349	183	585	1109
349	183	590	175
349	183	590	1126
349	183	590	1127
349	183	592	175
349	183	592	1126
349	183	592	1127
349	183	597	175
349	183	597	1143
349	183	597	1144
349	183	599	175
349	183	599	1143
349	183	599	1144
349	183	604	175
349	183	604	1160
349	183	604	1161
349	183	606	175
349	183	606	1160
349	183	606	1161
349	183	618	175
349	183	618	1195
349	183	618	1196
349	183	624	175
349	183	624	1212
349	183	631	175
349	183	631	1227
349	183	638	175
349	183	638	1242
349	183	645	175
349	183	645	1259
349	183	646	175
349	183	646	1259
349	183	646	1260
349	183	648	175
349	183	648	1259
349	183	648	1260
349	183	652	175
349	183	652	1280
349	183	653	175
349	183	653	1280
349	183	653	1281
349	183	654	175
349	183	654	1280
349	183	654	1281
349	183	657	175
349	183	657	1284
349	183	658	175
349	183	658	1284
349	183	658	1285
349	183	660	175
349	183	660	1284
349	183	660	1285
349	183	664	175
349	183	664	1301
349	183	665	175
349	183	665	1301
349	183	665	1302
349	183	667	175
349	183	667	1301
349	183	667	1302
349	183	671	175
349	183	671	382
349	183	672	175
349	183	672	382
349	183	672	1318
349	183	674	175
349	183	674	382
349	183	674	1318
349	183	678	175
349	183	678	1341
349	183	679	175
349	183	679	1341
349	183	679	1342
349	183	683	175
349	183	683	1357
349	183	684	175
349	183	684	1357
349	183	684	1358
349	183	688	175
349	183	688	1369
349	183	689	175
349	183	689	1369
349	183	689	1370
349	183	692	175
349	183	692	1378
349	183	693	175
349	183	693	1378
349	183	696	175
349	183	696	1386
349	183	704	175
349	183	704	1406
349	183	705	175
349	183	705	1406
349	183	705	1407
349	183	706	175
349	183	706	1406
349	183	706	1407
349	183	709	175
349	183	709	1412
349	183	710	175
349	183	710	1412
349	183	710	1413
349	183	711	175
349	183	711	1412
349	183	711	1413
349	183	714	175
349	183	714	1419
349	183	715	175
349	183	715	1419
349	183	715	1420
349	183	717	175
349	183	717	1419
349	183	717	1420
349	185	25	209
349	185	25	210
349	248	467	175
349	248	468	170
349	248	468	175
349	248	469	170
349	248	469	175
349	248	1144	175
349	248	1144	2081
349	248	1145	175
349	248	1145	2081
349	253	11	166
349	253	11	167
349	253	52	367
349	253	52	368
349	253	467	175
349	253	468	170
349	253	468	175
349	253	469	170
349	253	469	175
349	253	1144	175
349	253	1144	2081
349	253	1145	175
349	253	1145	2081
349	256	1144	175
349	256	1144	2081
349	262	1173	179
349	262	1173	198
349	262	1173	2114
349	262	1174	175
349	262	1174	2081
349	262	1175	175
349	262	1175	191
349	262	1176	2122
349	262	1178	178
349	287	1222	2355
349	287	1223	2355
349	287	1223	2356
349	287	1225	2364
349	287	1226	2371
349	287	1226	2372
349	287	1226	2373
349	287	1227	2355
349	287	1227	2374
349	287	1228	2374
349	287	1228	2375
349	287	1229	226
349	287	1229	2371
349	287	1229	2375
349	287	1229	2377
349	287	1230	2355
349	287	1230	2378
349	287	1231	2355
349	287	1231	2380
349	287	1232	2355
349	287	1232	2380
349	287	1233	2384
349	287	1233	2385
349	287	1234	2351
349	287	1234	2358
349	287	1234	2394
349	287	1234	2395
349	287	1234	2396
349	287	1235	2351
349	287	1235	2358
349	287	1235	2394
349	287	1235	2402
349	287	1235	2403
349	287	1235	2404
349	287	1236	2351
349	287	1236	2358
349	287	1236	2394
349	287	1236	2402
349	287	1236	2408
349	287	1236	2409
349	287	1237	2354
349	292	1297	2452
349	292	1297	2453
349	292	1298	2457
349	292	1299	2458
349	292	1299	2459
349	292	1300	2386
349	292	1300	2482
349	292	1303	2494
349	292	1303	2495
349	292	1304	2501
349	292	1304	2502
349	292	1305	2503
349	292	1305	2504
349	292	1306	170
349	292	1306	2376
349	292	1306	2505
349	292	1306	2506
349	292	1307	2507
349	292	1307	2508
349	292	1308	2511
349	292	1309	2538
349	292	1309	2539
349	292	1310	2565
349	292	1310	2566
349	292	1311	2574
349	292	1312	2577
349	292	1313	2587
349	292	1313	2588
349	292	1314	2613
349	292	1314	2614
349	292	1315	2574
349	292	1316	2617
349	292	1316	2618
349	292	1317	2621
349	292	1317	2622
349	292	1318	2647
349	292	1318	2648
349	292	1319	2574
349	292	1319	2617
349	292	1320	2651
349	292	1320	2652
349	292	1321	2654
349	292	1321	2655
349	292	1322	2680
349	292	1322	2681
349	292	1323	2574
349	292	1323	2651
349	292	1324	2651
349	292	1324	2652
349	292	1325	2686
349	292	1325	2687
349	292	1326	2712
349	292	1326	2713
349	292	1327	2574
349	292	1327	2651
349	292	1328	2651
349	292	1328	2652
349	292	1329	2717
349	292	1329	2718
349	292	1330	2742
349	292	1330	2743
349	292	1331	2574
349	292	1331	2651
349	292	1332	2746
349	292	1332	2747
349	292	1333	2749
349	292	1333	2750
349	292	1334	2774
349	292	1334	2775
349	292	1335	2574
349	292	1335	2746
349	292	1336	2746
349	292	1336	2747
349	292	1337	2779
349	292	1337	2780
349	292	1338	2804
349	292	1338	2805
349	292	1339	2574
349	292	1339	2746
349	292	1340	2808
349	292	1340	2809
349	292	1341	2812
349	292	1341	2813
349	292	1342	2837
349	292	1342	2838
349	292	1343	2574
349	292	1343	2808
349	292	1344	2841
349	292	1344	2842
349	292	1345	2844
349	292	1345	2845
349	292	1346	2869
349	292	1346	2870
349	292	1347	2574
349	292	1347	2841
349	292	1348	2873
349	292	1348	2874
349	292	1349	2876
349	292	1349	2877
349	292	1350	2901
349	292	1350	2902
349	292	1351	2574
349	292	1351	2873
349	292	1352	2873
349	292	1352	2874
349	292	1353	2906
349	292	1353	2907
349	292	1354	2931
349	292	1354	2932
349	292	1355	2574
349	292	1355	2873
349	292	1356	2935
349	292	1356	2936
349	292	1357	2938
349	292	1357	2939
349	292	1358	835
349	292	1359	2574
349	292	1359	2935
349	292	1360	2935
349	292	1360	2936
349	292	1361	2967
349	292	1361	2968
349	292	1362	835
349	292	1363	2574
349	292	1363	2935
349	292	1364	2935
349	292	1364	2936
349	292	1365	2995
349	292	1365	2996
349	292	1366	835
349	292	1367	2574
349	292	1367	2935
349	292	1368	3022
349	292	1368	3023
349	292	1369	3025
349	292	1369	3026
349	292	1370	835
349	292	1371	2574
349	292	1371	3022
349	292	1372	3052
349	292	1372	3053
349	292	1372	3054
349	292	1374	3058
349	292	1374	3059
349	292	1375	3067
349	292	1375	3068
349	292	1377	3079
349	292	1377	3080
349	292	1378	3085
349	292	1378	3086
349	292	1379	170
349	292	1379	3096
349	292	1379	3097
349	292	1381	2495
349	292	1381	3097
349	292	1381	3098
349	292	1384	3100
349	733	1297	2452
349	733	1297	2453
349	733	1298	2457
349	733	2230	2477
349	733	2230	3848
349	733	2230	3849
349	733	2230	3850
349	733	2230	3851
349	733	2230	3852
349	733	2230	3853
349	733	2230	3854
349	733	2230	3855
349	733	2230	3856
349	733	2230	3857
349	733	2230	3858
349	733	2230	3859
349	733	2233	3871
349	733	2234	3872
349	733	2236	3894
349	733	2236	3895
349	733	2237	3894
349	733	2237	3895
349	733	2238	3872
349	733	2239	3872
349	733	2240	3872
349	733	2240	3909
349	733	2241	3911
349	733	2242	3911
349	733	2243	3917
349	733	2243	3918
349	733	2244	3917
349	733	2244	3918
349	733	2245	3911
349	733	2246	3911
349	733	2247	3909
349	733	2247	3911
349	733	2248	3924
349	733	2249	3924
349	733	2250	3928
349	733	2250	3929
349	733	2251	3928
349	733	2251	3929
349	733	2252	3924
349	733	2253	3924
349	733	2254	3909
349	733	2254	3924
349	733	2255	3937
349	733	2256	3937
349	733	2257	3953
349	733	2257	3954
349	733	2258	3953
349	733	2258	3954
349	733	2259	3937
349	733	2260	3937
349	733	2261	3909
349	733	2261	3937
349	733	2262	3961
349	733	2263	3961
349	733	2264	3964
349	733	2264	3965
349	733	2265	3964
349	733	2265	3965
349	733	2266	3961
349	733	2267	3961
349	733	2268	3909
349	733	2268	3961
349	733	2269	3971
349	733	2270	3971
349	733	2271	3975
349	733	2271	3976
349	733	2272	3975
349	733	2272	3976
349	733	2273	3971
349	733	2274	3971
349	733	2275	3909
349	733	2275	3971
349	733	2276	3983
349	733	2277	3983
349	733	2278	3986
349	733	2278	3987
349	733	2279	3986
349	733	2279	3987
349	733	2280	3983
349	733	2281	3983
349	733	2282	3909
349	733	2282	3983
349	733	2283	3994
349	733	2284	3994
349	733	2285	3997
349	733	2285	3998
349	733	2286	3997
349	733	2286	3998
349	733	2287	3994
349	733	2288	3994
349	733	2289	3909
349	733	2289	3994
349	733	2290	3868
349	733	2291	3868
349	733	2292	4009
349	733	2292	4010
349	733	2293	4009
349	733	2293	4010
349	733	2294	3868
349	733	2295	3868
349	733	2296	3868
349	733	2296	3909
349	733	2297	3860
349	733	2298	3860
349	733	2299	4019
349	733	2299	4020
349	733	2300	4019
349	733	2300	4020
349	733	2301	3860
349	733	2302	3860
349	733	2303	3860
349	733	2303	3909
349	733	2304	4028
349	733	2305	4028
349	733	2306	4031
349	733	2306	4032
349	733	2307	4031
349	733	2307	4032
349	733	2308	4028
349	733	2309	4028
349	733	2310	3909
349	733	2310	4028
349	733	2311	4040
349	733	2312	4040
349	733	2313	4043
349	733	2313	4044
349	733	2314	4043
349	733	2314	4044
349	733	2315	4040
349	733	2316	4040
349	733	2317	3909
349	733	2317	4040
349	733	2318	4051
349	733	2319	4051
349	733	2320	4054
349	733	2320	4055
349	733	2321	4054
349	733	2321	4055
349	733	2322	4051
349	733	2323	4051
349	733	2324	3909
349	733	2324	4051
349	733	2325	4061
349	733	2326	4061
349	733	2327	4064
349	733	2327	4065
349	733	2328	4064
349	733	2328	4065
349	733	2329	4061
349	733	2330	4061
349	733	2331	3909
349	733	2331	4061
349	733	2332	4071
349	733	2333	4071
349	733	2334	4074
349	733	2334	4075
349	733	2335	4074
349	733	2335	4075
349	733	2336	4071
349	733	2337	4071
349	733	2338	3909
349	733	2338	4071
349	733	2339	4081
349	733	2340	4081
349	733	2341	4084
349	733	2341	4085
349	733	2342	4084
349	733	2342	4085
349	733	2343	4081
349	733	2344	4081
349	733	2345	3909
349	733	2345	4081
349	733	2346	4091
349	733	2347	4091
349	733	2348	4098
349	733	2348	4099
349	733	2349	4116
349	733	2349	4117
349	733	2350	4091
349	733	2351	4091
349	733	2352	4121
349	733	2353	4121
349	733	2354	4123
349	733	2354	4124
349	733	2355	4143
349	733	2355	4144
349	733	2356	4121
349	733	2357	4121
349	733	2358	4148
349	733	2359	4148
349	733	2360	4149
349	733	2360	4150
349	733	2361	4159
349	733	2361	4160
349	733	2362	4148
349	733	2363	4148
349	733	2364	4148
349	733	2365	4148
349	733	2366	4163
349	733	2366	4164
349	733	2367	4168
349	733	2367	4169
349	733	2368	4148
349	733	2369	4148
349	733	2370	4148
349	733	2371	4148
349	733	2372	4172
349	733	2372	4173
349	733	2373	4179
349	733	2373	4180
349	733	2374	4148
349	733	2375	4148
349	733	2376	170
349	733	2376	3096
349	733	2376	4183
349	733	2377	2495
349	733	2378	2495
349	733	2378	4183
349	733	2378	4184
349	733	2379	2495
349	733	2379	4183
349	733	2379	4184
349	733	2401	4186
349	1267	484	175
349	1267	484	815
349	1267	491	175
349	1267	491	850
349	1267	498	175
349	1267	498	873
349	1267	505	175
349	1267	505	891
349	1267	512	175
349	1267	512	909
349	1267	519	175
349	1267	519	931
349	1267	526	175
349	1267	526	953
349	1267	533	175
349	1267	533	973
349	1267	540	175
349	1267	540	990
349	1267	547	175
349	1267	547	1006
349	1267	554	175
349	1267	554	1026
349	1267	561	175
349	1267	561	1049
349	1267	568	175
349	1267	568	1070
349	1267	575	175
349	1267	575	1090
349	1267	582	175
349	1267	582	1109
349	1267	589	175
349	1267	589	1126
349	1267	596	175
349	1267	596	1143
349	1267	603	175
349	1267	603	1160
349	1267	610	175
349	1267	610	1178
349	1267	617	175
349	1267	617	1195
349	1267	624	175
349	1267	624	1212
349	1267	631	175
349	1267	631	1227
349	1267	638	175
349	1267	638	1242
349	1267	645	175
349	1267	645	1259
349	1267	652	175
349	1267	652	1280
349	1267	657	175
349	1267	657	1284
349	1267	664	175
349	1267	664	1301
349	1267	671	175
349	1267	671	382
349	1267	678	175
349	1267	678	1341
349	1267	683	175
349	1267	683	1357
349	1267	688	175
349	1267	688	1369
349	1267	692	175
349	1267	692	1378
349	1267	696	175
349	1267	696	1386
349	1267	704	175
349	1267	704	1406
349	1267	709	175
349	1267	709	1412
349	1267	714	175
349	1267	714	1419
349	1267	721	175
349	1267	721	1436
349	1267	2742	5192
349	1267	2743	815
349	1267	2744	815
349	1267	2745	226
349	1267	2745	815
349	1267	2746	226
349	1267	2746	815
349	1267	2747	226
349	1267	2747	815
349	1267	2748	815
349	1267	2749	850
349	1267	2750	850
349	1267	2751	850
349	1267	2752	873
349	1267	2753	873
349	1267	2754	873
349	1267	2755	891
349	1267	2756	891
349	1267	2757	170
349	1267	2757	891
349	1267	2758	909
349	1267	2759	909
349	1267	2760	931
349	1267	2761	931
349	1267	2762	953
349	1267	2763	953
349	1267	2764	5194
349	1267	2765	5194
349	1267	2766	1006
349	1267	2767	1006
349	1267	2768	1412
349	1267	2769	1412
349	1267	2770	1412
349	1267	2771	1419
349	1267	2772	1419
349	1267	2773	1436
349	1267	2774	5195
349	1267	2774	5196
349	1267	2774	5197
349	1267	2775	1436
349	1267	2776	170
349	1267	2776	1436
349	1267	2777	1026
349	1267	2778	1026
349	1267	2779	1026
349	1267	2780	1026
349	1267	2781	226
349	1267	2781	1026
349	1267	2782	226
349	1267	2782	1026
349	1267	2783	226
349	1267	2783	1026
349	1267	2784	1049
349	1267	2785	1050
349	1267	2786	1049
349	1267	2786	1050
349	1267	2787	1049
349	1267	2788	1070
349	1267	2789	1070
349	1267	2790	204
349	1267	2790	1070
349	1267	2790	5198
349	1267	2790	5199
349	1267	2791	1070
349	1267	2792	1070
349	1267	2793	1090
349	1267	2794	1090
349	1267	2795	1090
349	1267	2796	170
349	1267	2797	1109
349	1267	2798	1109
349	1267	2799	5200
349	1267	2800	1109
349	1267	2801	5201
349	1267	2802	1126
349	1267	2803	1126
349	1267	2804	5202
349	1267	2805	170
349	1267	2805	1126
349	1267	2806	1143
349	1267	2807	1143
349	1267	2808	170
349	1267	2808	5203
349	1267	2809	170
349	1267	2809	1143
349	1267	2810	1160
349	1267	2811	1160
349	1267	2812	5204
349	1267	2813	1178
349	1267	2814	1178
349	1267	2815	1195
349	1267	2816	1195
349	1267	2817	1212
349	1267	2818	1212
349	1267	2819	1227
349	1267	2820	1227
349	1267	2821	1227
349	1267	2822	1242
349	1267	2823	1242
349	1267	2824	1242
349	1267	2825	1242
349	1267	2826	1259
349	1267	2827	1259
349	1267	2828	226
349	1267	2828	1259
349	1267	2829	226
349	1267	2829	1259
349	1267	2830	226
349	1267	2830	1259
349	1267	2831	1259
349	1267	2832	1280
349	1267	2833	1280
349	1267	2834	1284
349	1267	2835	1284
349	1267	2836	1284
349	1267	2837	1301
349	1267	2838	1301
349	1267	2839	382
349	1267	2840	382
349	1267	2841	1341
349	1267	2842	226
349	1267	2842	1341
349	1267	2843	226
349	1267	2843	1341
349	1267	2844	226
349	1267	2844	1341
349	1267	2845	1357
349	1267	2846	1357
349	1267	2847	1369
349	1267	2848	835
349	1267	2848	1369
349	1267	2849	1378
349	1267	2849	5205
349	1267	2850	1378
349	1267	2851	1386
349	1267	2852	1386
349	1267	2852	5206
349	1267	2853	170
349	1267	2853	1406
349	1267	2854	170
349	1267	2854	1406
349	1267	2855	170
349	1267	2855	1406
349	1267	2856	170
349	1267	2856	1406
349	1267	2857	175
349	1267	2857	1195
349	1267	2857	5207
349	1267	2858	175
349	1267	2858	1195
349	1267	2858	5207
349	1269	2881	5211
349	1269	2881	5212
349	1269	2882	5221
349	1269	2882	5222
349	1269	2883	2492
349	1269	2883	5224
349	1269	2884	2492
349	1269	2884	5224
349	1269	2885	2619
349	1269	2885	5225
349	1269	2886	5226
349	1269	2887	5230
349	1269	2887	5231
349	1269	2887	5232
349	1269	2888	3129
349	1269	2888	5233
349	1269	2889	3121
349	1269	2889	5234
349	1269	2890	3111
349	1269	2891	2574
349	1269	2891	5236
349	1269	2892	5239
349	1269	2892	5240
349	1269	2893	204
349	1269	2893	5255
349	1269	2895	5260
349	1269	2895	5261
349	1269	2896	5264
349	1269	2896	5265
349	1269	2897	5270
349	1269	2898	5279
349	1269	2898	5280
349	1269	2899	204
349	1269	2899	5319
349	1269	2899	5320
349	1269	2899	5321
349	1269	2902	5241
349	1269	2902	5323
349	1269	2903	5326
349	1269	2903	5327
349	1269	2904	3141
349	1269	2904	5344
349	1269	2906	3096
349	1269	2906	5345
349	1269	2907	5347
349	1269	2908	203
349	1269	2908	3054
349	1269	2908	5350
349	1269	2909	5351
349	1269	2909	5352
349	1269	2910	5355
349	1269	2910	5356
349	1269	2911	5363
349	1269	2911	5364
349	1269	2912	5374
349	1269	2912	5375
349	1269	2913	5322
349	1269	2913	5377
349	1269	2914	5361
349	1269	2914	5378
349	1269	2914	5379
349	1269	2915	5380
349	1269	2915	5381
349	1269	2916	5384
349	1269	2916	5385
349	1269	2917	3139
349	1269	2917	5388
349	1269	2918	3136
349	1269	2919	5389
349	1269	2919	5390
349	1269	2920	5399
349	1269	2920	5400
349	1269	2921	170
349	1269	2921	3136
349	1269	2922	204
349	1269	2922	3081
349	1269	2923	204
349	1269	2923	5434
349	1269	2923	5435
349	1269	2924	5249
349	1269	2924	5437
349	1269	2925	3129
349	1269	2926	5351
349	1269	2926	5352
349	1269	2927	5438
349	1269	2928	3142
349	1269	2929	2574
349	1269	2929	5236
349	1269	2930	204
349	1269	2930	5250
349	1269	2930	5442
349	1269	2931	5389
349	1269	2931	5390
349	1269	2932	5434
349	1269	2932	5450
349	1269	2933	204
349	1269	2933	5242
349	1269	2933	5456
349	1269	2934	5458
349	1269	2934	5459
349	1269	2935	204
349	1269	2935	3108
349	1269	2935	5460
349	1269	2936	5462
349	1269	2936	5463
349	1269	2937	5466
349	1269	2937	5467
349	1269	2938	3129
349	1269	2938	5469
349	1269	2938	5470
349	1269	2939	5447
349	1269	2939	5472
349	1269	2939	5473
349	1269	2940	5283
349	1269	2940	5474
349	1269	2940	5475
349	1269	2941	5527
349	1269	2942	5527
349	1269	2942	5531
349	1269	2943	5534
349	1269	2943	5535
349	1269	2944	5545
349	1269	2944	5546
349	1269	2945	5547
349	1269	2945	5548
349	1269	2946	5551
349	1269	2946	5552
349	1269	2947	5557
349	1269	2947	5558
349	1269	2948	204
349	1269	2948	5567
349	1269	2948	5568
349	1269	2949	5355
349	1269	2949	5356
349	1269	2950	204
349	1269	2950	5575
349	1269	2950	5576
349	1269	2951	204
349	1269	2951	5242
349	1269	2951	5456
349	1269	2952	5583
349	1269	2952	5584
349	1269	2953	5590
349	1269	2953	5591
349	1269	2954	3135
349	1269	2954	5599
349	1269	2955	5601
349	1269	2955	5602
349	1269	2956	5607
349	1269	2956	5608
349	1269	2957	5611
349	1269	2957	5612
349	1269	2958	2452
349	1269	2958	2453
349	1269	2959	5620
349	1269	2959	5621
349	1269	2960	3135
349	1269	2960	5599
349	1269	2961	5623
349	1269	2961	5624
349	1269	2962	2519
349	1269	2962	5628
349	1269	2963	2619
349	1269	2963	5225
349	1269	2964	3121
349	1269	2964	5234
349	1269	2965	5630
349	1269	2965	5631
349	1269	2966	5399
349	1269	2966	5400
349	1269	2967	5637
349	1269	2967	5638
349	1269	2968	5644
349	1269	2968	5645
349	1269	2969	5649
349	1269	2969	5650
349	1269	2970	5389
349	1269	2970	5390
349	1269	2970	5653
349	1269	2971	5399
349	1269	2971	5400
349	1269	2972	5659
349	1269	2972	5660
349	1269	2973	5410
349	1269	2974	5410
349	1269	2974	5661
349	1269	2975	5351
349	1269	2975	5352
349	1269	2976	3103
349	1269	2976	5663
349	1269	2977	5666
349	1269	2977	5667
349	1269	2978	5668
349	1269	2978	5669
349	1269	2979	5677
349	1269	2979	5678
349	1269	2980	3135
349	1269	2981	3135
349	1269	2982	3851
349	1269	2982	3858
349	1269	2982	3898
349	1269	2982	3900
349	1269	2982	4092
349	1269	2982	5238
349	1269	2982	5366
349	1269	2982	5382
349	1269	2982	5383
349	1269	2982	5439
349	1269	2982	5480
349	1269	2982	5481
349	1269	2982	5633
349	1269	2982	5634
349	1269	2982	5690
349	1269	2982	5691
349	1269	2982	5692
349	1269	2982	5693
349	1269	2982	5694
349	1269	2982	5695
349	1269	2982	5696
349	1269	2982	5697
349	1269	2982	5698
349	1269	2983	3136
349	1269	2983	5703
349	1269	2984	3136
349	1269	2985	3136
349	1269	2986	5707
349	1269	2987	5708
349	1269	2988	5707
349	1269	2989	3129
349	1269	2989	5715
349	1269	2989	5716
349	1269	2990	5718
349	1269	2990	5719
349	1269	2991	5351
349	1269	2991	5352
349	1269	2992	2519
349	1269	2992	5628
349	1269	2992	5722
349	1269	2993	2519
349	1269	2993	5628
349	1269	2994	5666
349	1269	2994	5667
349	1269	2995	5603
349	1269	2995	5725
349	1269	2996	5728
349	1269	2996	5729
349	1269	2997	3127
349	1269	2997	5738
349	1269	2998	2495
349	1269	2998	5743
349	1269	2999	3109
349	1269	2999	5745
349	1269	3000	3109
349	1269	3000	5745
349	1269	3001	5748
349	1269	3001	5749
349	1269	3002	5527
349	1269	3002	5531
349	1269	3003	5748
349	1269	3003	5749
349	1269	3004	226
349	1269	3005	5754
349	1269	3005	5755
349	1269	3006	5768
349	1269	3006	5769
349	1269	3007	3135
349	1269	3007	5599
349	1269	3008	5771
349	1269	3008	5772
349	1269	3009	3054
349	1269	3009	5773
349	1269	3010	203
349	1269	3010	5774
349	1269	3010	5775
349	1269	3011	204
349	1269	3011	5780
349	1269	3011	5781
349	1269	3012	5785
349	1269	3012	5786
349	1269	3013	5787
349	1269	3013	5788
349	1269	3014	5787
349	1269	3014	5788
349	1269	3015	3135
349	1269	3015	5599
349	1269	3016	5789
349	1269	3016	5790
349	1269	3017	5791
349	1269	3017	5792
349	1269	3018	5793
349	1269	3018	5794
349	1269	3019	5795
349	1269	3019	5796
349	1269	3020	5797
349	1269	3020	5798
349	1269	3021	5751
349	1269	3023	5799
349	1269	3023	5800
349	1269	3024	3127
349	1269	3024	5738
349	1269	3025	5819
349	1269	3026	5823
349	1269	3026	5824
349	1269	3027	170
349	1269	3027	2492
349	1269	3027	5224
349	1269	3028	3141
349	1269	3028	5344
349	1269	3029	3123
349	1269	3029	5826
349	1269	3030	5827
349	1269	3030	5828
349	1269	3031	3137
349	1269	3031	5829
349	1269	3032	3135
349	1269	3032	5599
349	1269	3033	2619
349	1269	3033	5225
349	1269	3034	5830
349	1269	3036	5844
349	1269	3036	5845
349	1269	3037	5846
349	1269	3037	5847
349	1269	3038	5517
349	1269	3038	5855
349	1269	3039	3123
349	1269	3039	5826
349	1269	3040	5856
349	1269	3040	5857
349	1269	3041	5860
349	1269	3041	5861
349	1269	3042	2495
349	1269	3042	5743
349	1269	3043	3135
349	1269	3043	5599
349	1269	3044	3137
349	1269	3044	5829
349	1269	3045	5783
349	1269	3045	5865
349	1269	3046	5867
349	1269	3046	5868
349	1269	3047	3137
349	1269	3047	5829
349	1269	3048	5870
349	1269	3048	5871
349	1269	3049	5877
349	1269	3049	5878
349	1269	3050	5877
349	1269	3050	5878
349	1269	3051	5879
349	1269	3051	5880
349	1269	3052	5881
349	1269	3052	5882
349	1269	3053	5888
349	1269	3054	5889
349	1269	3054	5890
349	1269	3055	5892
349	1269	3055	5893
349	1269	3056	5895
349	1269	3056	5896
349	1269	3057	5897
349	1269	3057	5898
349	1269	3058	5900
349	1269	3058	5901
349	1269	3059	5902
349	1269	3059	5903
349	1269	3060	5905
349	1269	3060	5906
349	1269	3061	5908
349	1269	3061	5909
349	1269	3062	5911
349	1269	3062	5912
349	1269	3063	5913
349	1269	3063	5914
349	1269	3064	5879
349	1269	3064	5880
349	1269	3065	5879
349	1269	3065	5880
349	1269	3066	2351
349	1269	3066	5916
349	1269	3066	5917
349	1269	3067	5918
349	1269	3068	5919
349	1269	3068	5920
349	1269	3069	5921
349	1269	3069	5922
349	1269	3070	5923
349	1269	3071	5924
349	1269	3071	5925
349	1269	3073	5926
349	1269	3073	5927
349	1269	3074	5928
349	1269	3074	5929
349	1269	3075	5930
349	1269	3075	5931
349	1269	3076	226
349	1359	11	166
349	1359	11	167
349	1359	19	193
349	1359	51	226
349	1359	467	175
349	1359	468	170
349	1359	468	175
349	1359	469	170
349	1359	469	175
349	1359	484	175
349	1359	484	815
349	1359	491	175
349	1359	491	850
349	1359	498	175
349	1359	498	873
349	1359	505	175
349	1359	505	891
349	1359	512	175
349	1359	512	909
349	1359	554	175
349	1359	554	1026
349	1359	645	175
349	1359	645	1259
349	1359	652	175
349	1359	652	1280
349	1359	657	175
349	1359	657	1284
349	1359	678	175
349	1359	678	1341
349	1359	683	175
349	1359	683	1357
349	1359	688	175
349	1359	688	1369
349	1359	692	175
349	1359	692	1378
349	1359	704	175
349	1359	704	1406
349	1359	709	175
349	1359	709	1412
349	1359	714	175
349	1359	714	1419
349	1359	2743	815
349	1359	2744	815
349	1359	2745	226
349	1359	2745	815
349	1359	2746	226
349	1359	2746	815
349	1359	2747	226
349	1359	2747	815
349	1359	2748	815
349	1359	2749	850
349	1359	2750	850
349	1359	2751	850
349	1359	2752	873
349	1359	2753	873
349	1359	2754	873
349	1359	2755	891
349	1359	2756	891
349	1359	2757	170
349	1359	2757	891
349	1359	2758	909
349	1359	2759	909
349	1359	2768	1412
349	1359	2769	1412
349	1359	2770	1412
349	1359	2771	1419
349	1359	2772	1419
349	1359	2777	1026
349	1359	2778	1026
349	1359	2779	1026
349	1359	2780	1026
349	1359	2781	226
349	1359	2781	1026
349	1359	2782	226
349	1359	2782	1026
349	1359	2783	226
349	1359	2783	1026
349	1359	2784	1049
349	1359	2785	1050
349	1359	2786	1049
349	1359	2786	1050
349	1359	2787	1049
349	1359	2788	1070
349	1359	2789	1070
349	1359	2791	1070
349	1359	2792	1070
349	1359	2793	1090
349	1359	2794	1090
349	1359	2795	1090
349	1359	2796	170
349	1359	2797	1109
349	1359	2798	1109
349	1359	2799	5200
349	1359	2800	1109
349	1359	2826	1259
349	1359	2827	1259
349	1359	2828	226
349	1359	2828	1259
349	1359	2829	226
349	1359	2829	1259
349	1359	2830	226
349	1359	2830	1259
349	1359	2831	1259
349	1359	2832	1280
349	1359	2833	1280
349	1359	2834	1284
349	1359	2835	1284
349	1359	2836	1284
349	1359	2837	1301
349	1359	2838	1301
349	1359	2841	1341
349	1359	2842	226
349	1359	2842	1341
349	1359	2843	226
349	1359	2843	1341
349	1359	2844	226
349	1359	2844	1341
349	1359	2845	1357
349	1359	2846	1357
349	1359	2847	1369
349	1359	2848	835
349	1359	2848	1369
349	1359	2849	1378
349	1359	2849	5205
349	1359	2850	1378
349	1359	2853	170
349	1359	2853	1406
349	1359	2854	170
349	1359	2854	1406
349	1359	2855	170
349	1359	2855	1406
349	1359	2856	170
349	1359	2856	1406
349	1366	519	175
349	1366	519	931
349	1366	526	175
349	1366	526	953
349	1366	547	175
349	1366	547	1006
349	1366	624	175
349	1366	624	1212
349	1366	631	175
349	1366	631	1227
349	1366	638	175
349	1366	638	1242
349	1366	671	175
349	1366	671	382
349	1366	2760	931
349	1366	2761	931
349	1366	2762	953
349	1366	2763	953
349	1366	2764	5194
349	1366	2765	5194
349	1366	2766	1006
349	1366	2767	1006
349	1366	2773	1436
349	1366	2774	5195
349	1366	2774	5196
349	1366	2774	5197
349	1366	2775	1436
349	1366	2776	170
349	1366	2776	1436
349	1366	2802	1126
349	1366	2803	1126
349	1366	2804	5202
349	1366	2806	1143
349	1366	2807	1143
349	1366	2808	170
349	1366	2808	5203
349	1366	2810	1160
349	1366	2811	1160
349	1366	2812	5204
349	1366	2813	1178
349	1366	2814	1178
349	1366	2815	1195
349	1366	2816	1195
349	1366	2817	1212
349	1366	2818	1212
349	1366	2819	1227
349	1366	2820	1227
349	1366	2821	1227
349	1366	2822	1242
349	1366	2823	1242
349	1366	2824	1242
349	1366	2825	1242
349	1366	2839	382
349	1366	2840	382
349	1366	2851	1386
349	1579	4046	204
349	1581	11	166
349	1581	11	167
349	1581	467	175
349	1581	468	170
349	1581	468	175
349	1581	469	170
349	1581	469	175
349	1581	2784	1049
349	1581	2787	1049
349	2796	4053	815
349	2796	4053	7503
349	2796	4055	815
349	2796	4055	7503
349	2796	4055	7504
349	2796	4056	815
349	2796	4056	7503
349	2796	4057	850
349	2796	4057	7507
349	2796	4059	7508
349	2796	4059	7509
349	2796	4060	7510
349	2796	4061	891
349	2796	4063	891
349	2796	4063	7513
349	2796	4063	7514
349	2796	4064	891
349	2796	4064	7513
349	2796	4065	891
349	2796	4065	907
349	2796	4066	909
349	2796	4066	7517
349	2796	4068	909
349	2796	4068	7517
349	2796	4068	7518
349	2796	4069	909
349	2796	4069	7517
349	2796	4070	931
349	2796	4070	7521
349	2796	4072	931
349	2796	4072	7521
349	2796	4072	7522
349	2796	4073	931
349	2796	4073	7524
349	2796	4074	382
349	2796	4076	382
349	2796	4076	7527
349	2796	4076	7528
349	2796	4077	382
349	2796	4077	1339
349	2796	4078	973
349	2796	4078	7529
349	2796	4079	990
349	2796	4079	7529
349	2796	4081	5194
349	2796	4081	7529
349	2796	4081	7530
349	2796	4082	5194
349	2796	4082	7529
349	2796	4083	1006
349	2796	4083	7533
349	2796	4085	1006
349	2796	4085	7533
349	2796	4085	7534
349	2796	4086	1006
349	2796	4086	7535
349	2796	4087	1412
349	2796	4087	7538
349	2796	4089	1412
349	2796	4089	7538
349	2796	4089	7539
349	2796	4090	1412
349	2796	4090	7538
349	2796	4091	1419
349	2796	4091	7542
349	2796	4093	1419
349	2796	4093	7542
349	2796	4093	7543
349	2796	4094	1419
349	2796	4094	7542
349	2796	4118	178
349	2796	4120	7545
349	2796	4120	7546
349	2796	4121	7547
349	2796	4122	7548
349	2796	4123	7547
349	2796	4124	7550
349	2796	4126	7552
349	2796	4126	7553
349	2796	4127	7554
349	2796	4128	7555
349	2796	4129	7554
349	2796	4130	7557
349	2796	4132	7559
349	2796	4133	7560
349	2796	4137	7561
349	2796	4138	7562
349	2796	4139	178
349	2796	4140	7563
349	2796	4140	7564
349	2796	4141	7565
349	2796	4143	178
349	2796	4145	7571
349	2796	4145	7572
349	2796	4146	7573
349	2796	4148	170
349	2796	4148	7574
349	2796	4149	170
349	2796	4149	7574
349	2796	4150	170
349	2796	4150	7575
349	2796	4151	170
349	2796	4151	7575
349	2796	4152	7574
349	2796	4152	7576
349	2796	4153	7577
349	2796	4153	7578
349	2895	432	191
349	2895	4561	7699
349	2895	4561	7700
349	2897	11	166
349	2897	11	167
349	2897	467	175
349	2897	468	170
349	2897	468	175
349	2897	469	170
349	2897	469	175
349	2897	4561	7699
349	2897	4561	7700
349	2899	561	175
349	2899	561	1049
349	2899	769	175
349	2914	4579	7757
349	2917	11	166
349	2917	11	167
349	2921	4659	7768
349	2921	4660	7769
349	2921	4661	7769
349	2921	4661	7770
349	2921	4662	7769
349	2921	4662	7770
349	2921	4663	170
349	2921	4663	7769
349	2921	4663	7770
349	2921	4664	7769
349	2921	4664	7770
349	2921	4665	7769
349	2921	4665	7770
349	2921	4665	7778
349	2921	4666	7769
349	2921	4666	7770
349	2921	4666	7778
349	2921	4667	7769
349	2921	4667	7770
349	2921	4667	7778
349	2921	4668	7784
349	2921	4669	170
349	2921	4669	7784
349	2921	4669	7785
349	2921	4670	170
349	2921	4670	7784
349	2921	4670	7785
349	2921	4671	170
349	2921	4671	7784
349	2921	4671	7785
349	2921	4671	7787
349	2921	4672	170
349	2921	4672	7784
349	2921	4672	7785
349	2921	4673	170
349	2921	4673	7784
349	2921	4673	7785
349	2921	4673	7789
349	2921	4674	170
349	2921	4674	7784
349	2921	4674	7785
349	2921	4674	7789
349	2921	4675	170
349	2921	4675	7784
349	2921	4675	7785
349	2921	4675	7789
349	2921	4676	7773
349	2921	4677	170
349	2921	4677	7773
349	2921	4677	7794
349	2921	4678	170
349	2921	4678	7773
349	2921	4678	7794
349	2921	4679	170
349	2921	4679	7773
349	2921	4679	7794
349	2921	4679	7796
349	2921	4680	170
349	2921	4680	7773
349	2921	4680	7794
349	2921	4681	170
349	2921	4681	7773
349	2921	4681	7794
349	2921	4681	7798
349	2921	4682	170
349	2921	4682	7773
349	2921	4682	7794
349	2921	4682	7798
349	2921	4683	170
349	2921	4683	7773
349	2921	4683	7794
349	2921	4683	7798
349	2921	4684	170
349	2921	4684	7768
349	2921	4685	7768
349	2921	4685	7803
349	2921	4687	7807
349	2921	4687	7808
349	2921	4688	7809
349	2921	4689	7810
349	2921	4690	7812
349	2921	4691	7812
349	2921	4691	7815
349	2921	4692	7810
349	2921	4693	7810
349	2921	4694	7841
349	2921	4695	7842
349	2921	4696	7844
349	2921	4697	7844
349	2921	4697	7845
349	2921	4698	7842
349	2921	4699	7842
349	2921	4700	7854
349	2921	4701	7854
349	2921	4702	7857
349	2921	4703	7857
349	2921	4703	7858
349	2921	4704	7854
349	2921	4705	7854
349	2921	4706	170
349	2921	4707	7807
349	2921	4707	7808
349	2921	4709	7807
349	2921	4709	7808
349	2921	4710	7807
349	2921	4710	7808
349	2921	4711	7870
349	2921	4712	7871
349	3068	742	1470
349	3068	743	1470
349	3068	744	170
349	3160	417	425
349	3160	419	442
349	3160	419	443
349	3160	420	425
349	3160	420	444
349	3160	421	425
349	3160	421	451
349	3160	422	425
349	3160	422	454
349	3160	424	425
349	3160	424	481
349	3160	425	191
349	3160	425	459
349	3160	425	483
349	3160	426	486
349	3160	426	487
349	3160	432	191
349	3160	433	497
349	3160	433	498
349	3160	434	505
349	3160	435	425
349	3160	435	509
349	3160	436	191
349	3160	436	510
349	3160	441	425
349	3160	441	509
349	3160	443	337
349	3160	443	425
349	3160	443	524
349	3160	444	191
349	3160	444	525
349	3160	445	191
349	3160	445	510
349	3160	446	425
349	3160	446	509
349	3160	448	425
349	3160	448	549
349	3160	4733	170
349	3160	4733	437
349	3160	4734	204
349	3160	4734	425
349	3160	4735	425
349	3160	4735	509
349	3160	4736	170
349	3160	4737	487
349	3160	4737	8183
349	3160	4738	425
349	3160	4738	8186
349	3160	4739	425
349	3160	4739	8187
349	3160	4740	504
349	3160	4741	504
349	3160	4743	170
349	3160	4745	8198
349	3160	4747	8207
349	3160	4749	170
349	3160	4749	8208
349	3160	4749	8209
349	3160	4750	8210
349	3160	4750	8211
349	3160	4751	436
349	3160	4751	8213
349	3160	4752	436
349	3160	4752	8213
349	3160	4753	8216
349	3160	4753	8217
349	3160	4754	8219
349	3160	4754	8220
349	3160	4755	8222
349	3160	4755	8223
349	3160	4756	170
349	3160	4757	835
349	3160	4758	8225
349	3160	4759	8226
349	3160	4760	8225
349	3160	4761	8227
349	3160	4761	8228
349	3160	4762	425
349	3160	4764	8234
349	3160	4765	191
349	3160	4766	191
349	3160	4766	835
349	3160	4767	835
349	3160	4767	8235
349	3160	4768	835
349	3160	4768	8236
349	3160	4769	8225
349	3162	11	166
349	3162	11	167
349	3248	4853	8354
349	3248	4853	8355
349	3248	4854	8356
349	3248	4854	8357
349	3248	4855	8358
349	3248	4855	8359
349	3248	4856	8361
349	3248	4856	8362
349	3248	4857	8363
349	3248	4857	8364
349	3248	4858	8366
349	3248	4858	8367
349	3248	4859	8368
349	3248	4859	8369
