349	2	5	T
349	2	6	T
349	2	9	T
349	2	10	T
349	2	14	T
349	2	26	T
349	2	40	T
349	2	41	T
349	2	52	T
349	2	68	T
349	2	69	T
349	2	70	T
349	2	71	T
349	2	72	T
349	2	73	T
349	2	74	T
349	2	75	T
349	2	76	T
349	2	77	T
349	2	78	T
349	2	79	T
349	2	80	T
349	2	81	T
349	2	82	T
349	2	83	T
349	2	84	T
349	2	85	T
349	2	86	T
349	2	87	T
349	2	88	T
349	2	89	T
349	2	90	T
349	2	91	T
349	2	92	T
349	2	93	T
349	2	94	T
349	2	95	T
349	2	96	T
349	2	97	T
349	2	98	T
349	2	99	T
349	2	100	T
349	2	101	T
349	2	102	T
349	2	103	T
349	2	104	T
349	2	105	T
349	2	106	T
349	2	107	T
349	2	108	T
349	2	109	T
349	2	110	T
349	2	111	T
349	2	112	T
349	2	113	T
349	2	114	T
349	2	115	T
349	2	116	T
349	2	117	T
349	2	118	T
349	2	119	T
349	2	120	T
349	2	121	T
349	2	122	T
349	2	123	T
349	2	124	T
349	2	125	T
349	2	126	T
349	2	127	T
349	2	128	T
349	2	129	T
349	2	130	T
349	2	131	T
349	2	132	T
349	2	133	T
349	2	134	T
349	2	135	T
349	2	136	T
349	2	137	T
349	2	138	T
349	2	139	T
349	2	140	T
349	2	141	T
349	2	142	T
349	2	143	T
349	2	144	T
349	2	145	T
349	2	146	T
349	2	147	T
349	2	148	T
349	2	149	T
349	2	150	T
349	2	151	T
349	2	152	T
349	2	153	T
349	2	154	T
349	2	155	T
349	2	156	T
349	2	157	T
349	2	158	T
349	2	159	T
349	2	160	T
349	2	161	T
349	2	162	T
349	2	163	T
349	2	164	T
349	2	165	T
349	2	166	T
349	2	167	T
349	2	168	T
349	2	169	T
349	2	170	T
349	2	171	T
349	2	172	T
349	2	173	T
349	2	174	T
349	2	175	T
349	2	176	T
349	2	177	T
349	2	178	T
349	2	179	T
349	2	180	T
349	2	181	T
349	2	182	T
349	2	183	T
349	2	184	T
349	2	185	T
349	2	186	T
349	2	187	T
349	2	188	T
349	2	189	T
349	2	190	T
349	2	191	T
349	2	192	T
349	2	193	T
349	2	194	T
349	2	195	T
349	2	196	T
349	2	197	T
349	2	198	T
349	2	199	T
349	2	200	T
349	2	201	T
349	2	202	T
349	2	203	T
349	2	204	T
349	2	205	T
349	2	206	T
349	2	207	T
349	2	208	T
349	2	209	T
349	2	210	T
349	2	211	T
349	2	212	T
349	2	213	T
349	2	214	T
349	2	215	T
349	2	216	T
349	2	217	T
349	2	218	T
349	2	219	T
349	2	220	T
349	2	221	T
349	2	222	T
349	2	223	T
349	2	224	T
349	2	225	T
349	2	226	T
349	2	227	T
349	2	228	T
349	2	229	T
349	2	230	T
349	2	231	T
349	2	232	T
349	2	233	T
349	2	234	T
349	2	235	T
349	2	236	T
349	2	237	T
349	2	238	T
349	2	239	T
349	2	240	T
349	2	241	T
349	2	242	T
349	2	243	T
349	2	244	T
349	2	245	T
349	2	246	T
349	2	247	T
349	2	248	T
349	2	249	T
349	2	250	T
349	2	251	T
349	2	252	T
349	2	253	T
349	2	254	T
349	2	255	T
349	2	256	T
349	2	257	T
349	2	258	T
349	2	259	T
349	2	260	T
349	2	261	T
349	2	262	T
349	2	263	T
349	2	264	T
349	2	265	T
349	2	266	T
349	2	267	T
349	2	268	T
349	2	269	T
349	2	270	T
349	2	271	T
349	2	272	T
349	2	273	T
349	2	274	T
349	2	275	T
349	2	276	T
349	2	277	T
349	2	278	T
349	2	279	T
349	2	280	T
349	2	281	T
349	2	282	T
349	2	283	T
349	2	284	T
349	2	285	T
349	2	286	T
349	2	287	T
349	2	288	T
349	2	289	T
349	2	290	T
349	2	291	T
349	2	292	T
349	2	293	T
349	2	294	T
349	2	295	T
349	2	296	T
349	2	297	T
349	2	298	T
349	2	299	T
349	2	300	T
349	2	301	T
349	2	302	T
349	2	303	T
349	2	304	T
349	2	305	T
349	2	306	T
349	2	307	T
349	2	308	T
349	2	309	T
349	2	310	T
349	2	311	T
349	2	312	T
349	2	313	T
349	2	314	T
349	2	315	T
349	2	316	T
349	2	317	T
349	2	318	T
349	2	319	T
349	2	320	T
349	2	321	T
349	2	322	T
349	2	323	T
349	2	324	T
349	2	325	T
349	2	326	T
349	2	327	T
349	2	328	T
349	2	329	T
349	2	330	T
349	2	331	T
349	2	332	T
349	2	333	T
349	2	334	T
349	2	335	T
349	2	336	T
349	2	337	T
349	2	338	T
349	2	339	T
349	2	340	T
349	2	341	T
349	2	342	T
349	2	343	T
349	2	344	T
349	2	345	T
349	2	346	T
349	2	347	T
349	2	348	T
349	2	349	T
349	2	350	T
349	2	351	T
349	2	352	T
349	2	353	T
349	2	354	T
349	2	355	T
349	2	356	T
349	2	357	T
349	2	358	T
349	2	359	T
349	2	360	T
349	2	361	T
349	2	362	T
349	2	363	T
349	2	364	T
349	2	365	T
349	2	366	T
349	2	367	T
349	2	368	T
349	2	369	T
349	2	370	T
349	2	371	T
349	2	372	T
349	2	373	T
349	2	374	T
349	2	375	T
349	2	376	T
349	2	377	T
349	2	378	T
349	2	379	T
349	2	380	T
349	2	381	T
349	2	382	T
349	2	383	T
349	2	384	T
349	2	385	T
349	2	386	T
349	2	387	T
349	2	388	T
349	2	389	T
349	2	390	T
349	2	391	T
349	2	392	T
349	2	393	T
349	2	394	T
349	2	395	T
349	2	396	T
349	2	397	T
349	2	398	T
349	2	399	T
349	2	400	T
349	2	401	T
349	2	402	T
349	2	403	T
349	2	404	T
349	2	405	T
349	2	406	T
349	2	407	T
349	2	408	T
349	2	409	T
349	2	410	T
349	2	411	T
349	2	412	T
349	2	413	T
349	2	414	T
349	2	415	T
349	4	454	T
349	4	455	T
349	4	456	T
349	29	10	T
349	29	71	T
349	29	72	T
349	29	73	T
349	29	74	T
349	29	75	T
349	29	76	T
349	29	77	T
349	29	78	T
349	29	79	T
349	29	80	T
349	29	81	T
349	29	82	T
349	29	83	T
349	29	84	T
349	29	85	T
349	29	86	T
349	29	87	T
349	29	89	T
349	29	90	T
349	29	91	T
349	29	100	T
349	29	101	T
349	29	102	T
349	29	104	T
349	29	105	T
349	29	106	T
349	29	109	T
349	29	110	T
349	29	111	T
349	29	112	T
349	29	113	T
349	29	118	T
349	29	138	T
349	29	150	T
349	29	160	T
349	29	286	T
349	29	287	T
349	29	290	T
349	29	292	T
349	29	457	T
349	29	465	T
349	29	477	T
349	61	10	T
349	61	40	T
349	61	71	T
349	61	72	T
349	61	73	T
349	61	74	T
349	61	75	T
349	61	76	T
349	61	77	T
349	61	78	T
349	61	79	T
349	61	80	T
349	61	81	T
349	61	82	T
349	61	83	T
349	61	84	T
349	61	85	T
349	61	86	T
349	61	87	T
349	61	89	T
349	61	90	T
349	61	91	T
349	61	92	T
349	61	93	T
349	61	94	T
349	61	95	T
349	61	96	T
349	61	97	T
349	61	98	T
349	61	99	T
349	61	100	T
349	61	101	T
349	61	102	T
349	61	104	T
349	61	105	T
349	61	106	T
349	61	107	T
349	61	108	T
349	61	109	T
349	61	110	T
349	61	111	T
349	61	112	T
349	61	113	T
349	61	118	T
349	61	138	T
349	61	150	T
349	61	160	T
349	61	171	T
349	61	286	T
349	61	287	T
349	61	290	T
349	61	292	T
349	61	456	T
349	61	457	T
349	61	465	T
349	61	477	T
349	61	480	T
349	61	481	T
349	70	10	T
349	70	71	T
349	70	72	T
349	70	73	T
349	70	74	T
349	70	75	T
349	70	76	T
349	70	77	T
349	70	78	T
349	70	79	T
349	70	80	T
349	70	81	T
349	70	82	T
349	70	83	T
349	70	84	T
349	70	85	T
349	70	86	T
349	70	87	T
349	70	89	T
349	70	90	T
349	70	91	T
349	70	100	T
349	70	101	T
349	70	102	T
349	70	104	T
349	70	105	T
349	70	106	T
349	70	109	T
349	70	110	T
349	70	111	T
349	70	112	T
349	70	113	T
349	70	118	T
349	70	138	T
349	70	150	T
349	70	160	T
349	70	286	T
349	70	287	T
349	70	290	T
349	70	292	T
349	70	457	T
349	70	465	T
349	70	477	T
349	99	10	T
349	99	52	T
349	99	71	T
349	99	72	T
349	99	73	T
349	99	74	T
349	99	75	T
349	99	76	T
349	99	77	T
349	99	78	T
349	99	79	T
349	99	80	T
349	99	81	T
349	99	82	T
349	99	83	T
349	99	84	T
349	99	85	T
349	99	86	T
349	99	87	T
349	99	89	T
349	99	90	T
349	99	91	T
349	99	100	T
349	99	101	T
349	99	102	T
349	99	104	T
349	99	105	T
349	99	106	T
349	99	107	T
349	99	108	T
349	99	109	T
349	99	110	T
349	99	111	T
349	99	112	T
349	99	113	T
349	99	118	T
349	99	120	T
349	99	138	T
349	99	150	T
349	99	160	T
349	99	286	T
349	99	287	T
349	99	290	T
349	99	292	T
349	99	457	T
349	99	465	T
349	99	477	T
349	128	482	T
349	133	482	T
349	135	482	T
349	140	14	T
349	140	210	T
349	140	287	T
349	140	454	T
349	140	455	T
349	140	483	T
349	140	732	T
349	140	733	T
349	140	734	T
349	140	735	T
349	140	736	T
349	140	737	T
349	140	738	T
349	140	770	T
349	140	771	T
349	140	772	T
349	140	773	T
349	140	774	T
349	140	775	T
349	140	776	T
349	140	777	T
349	140	778	T
349	140	779	T
349	140	780	T
349	140	781	T
349	140	782	T
349	140	783	T
349	140	784	T
349	140	785	T
349	140	786	T
349	140	787	T
349	140	788	T
349	140	789	T
349	140	790	T
349	140	791	T
349	140	792	T
349	140	793	T
349	140	794	T
349	140	795	T
349	140	796	T
349	140	797	T
349	140	798	T
349	140	799	T
349	140	800	T
349	140	801	T
349	140	802	T
349	140	803	T
349	140	804	T
349	140	805	T
349	140	806	T
349	140	807	T
349	140	808	T
349	140	809	T
349	140	810	T
349	140	811	T
349	140	812	T
349	140	813	T
349	140	814	T
349	140	815	T
349	140	816	T
349	140	817	T
349	140	818	T
349	140	819	T
349	140	820	T
349	140	821	T
349	140	822	T
349	140	823	T
349	140	824	T
349	140	825	T
349	140	826	T
349	140	827	T
349	140	828	T
349	140	829	T
349	140	830	T
349	140	831	T
349	140	832	T
349	140	833	T
349	140	834	T
349	140	835	T
349	140	836	T
349	144	10	T
349	144	14	T
349	144	40	T
349	144	71	T
349	144	72	T
349	144	73	T
349	144	74	T
349	144	75	T
349	144	76	T
349	144	77	T
349	144	78	T
349	144	79	T
349	144	80	T
349	144	81	T
349	144	82	T
349	144	83	T
349	144	84	T
349	144	86	T
349	144	87	T
349	144	89	T
349	144	90	T
349	144	91	T
349	144	92	T
349	144	93	T
349	144	94	T
349	144	95	T
349	144	96	T
349	144	97	T
349	144	98	T
349	144	99	T
349	144	100	T
349	144	101	T
349	144	102	T
349	144	103	T
349	144	104	T
349	144	105	T
349	144	106	T
349	144	107	T
349	144	108	T
349	144	109	T
349	144	110	T
349	144	111	T
349	144	112	T
349	144	113	T
349	144	138	T
349	144	144	T
349	144	145	T
349	144	147	T
349	144	150	T
349	144	160	T
349	144	166	T
349	144	253	T
349	144	254	T
349	144	255	T
349	144	286	T
349	144	287	T
349	144	375	T
349	144	376	T
349	144	377	T
349	144	378	T
349	144	379	T
349	144	380	T
349	144	381	T
349	144	382	T
349	144	383	T
349	144	384	T
349	144	385	T
349	144	386	T
349	144	457	T
349	144	465	T
349	144	732	T
349	144	733	T
349	144	734	T
349	144	735	T
349	144	736	T
349	144	737	T
349	144	738	T
349	144	812	T
349	144	813	T
349	144	814	T
349	144	815	T
349	144	816	T
349	144	817	T
349	144	818	T
349	144	819	T
349	144	820	T
349	144	821	T
349	144	822	T
349	144	823	T
349	144	824	T
349	144	825	T
349	144	826	T
349	144	829	T
349	144	972	T
349	144	973	T
349	144	974	T
349	144	975	T
349	144	976	T
349	144	977	T
349	144	978	T
349	144	979	T
349	144	980	T
349	144	981	T
349	144	982	T
349	144	983	T
349	144	984	T
349	144	985	T
349	144	986	T
349	144	987	T
349	144	988	T
349	144	989	T
349	144	990	T
349	144	991	T
349	144	992	T
349	144	1029	T
349	183	10	T
349	183	14	T
349	183	40	T
349	183	71	T
349	183	72	T
349	183	73	T
349	183	74	T
349	183	75	T
349	183	76	T
349	183	77	T
349	183	78	T
349	183	79	T
349	183	80	T
349	183	81	T
349	183	82	T
349	183	83	T
349	183	84	T
349	183	86	T
349	183	87	T
349	183	89	T
349	183	90	T
349	183	91	T
349	183	92	T
349	183	93	T
349	183	94	T
349	183	95	T
349	183	96	T
349	183	97	T
349	183	98	T
349	183	99	T
349	183	100	T
349	183	101	T
349	183	102	T
349	183	103	T
349	183	104	T
349	183	105	T
349	183	106	T
349	183	107	T
349	183	108	T
349	183	109	T
349	183	110	T
349	183	111	T
349	183	112	T
349	183	113	T
349	183	138	T
349	183	144	T
349	183	145	T
349	183	147	T
349	183	150	T
349	183	160	T
349	183	166	T
349	183	253	T
349	183	254	T
349	183	255	T
349	183	286	T
349	183	287	T
349	183	375	T
349	183	376	T
349	183	377	T
349	183	378	T
349	183	379	T
349	183	380	T
349	183	381	T
349	183	382	T
349	183	383	T
349	183	384	T
349	183	385	T
349	183	386	T
349	183	457	T
349	183	465	T
349	183	732	T
349	183	733	T
349	183	734	T
349	183	735	T
349	183	736	T
349	183	737	T
349	183	738	T
349	183	812	T
349	183	813	T
349	183	814	T
349	183	815	T
349	183	816	T
349	183	817	T
349	183	818	T
349	183	819	T
349	183	820	T
349	183	821	T
349	183	822	T
349	183	823	T
349	183	824	T
349	183	825	T
349	183	826	T
349	183	829	T
349	183	972	T
349	183	973	T
349	183	974	T
349	183	975	T
349	183	976	T
349	183	977	T
349	183	978	T
349	183	979	T
349	183	980	T
349	183	981	T
349	183	982	T
349	183	983	T
349	183	984	T
349	183	985	T
349	183	986	T
349	183	987	T
349	183	988	T
349	183	989	T
349	183	990	T
349	183	991	T
349	183	992	T
349	185	118	T
349	185	119	T
349	185	120	T
349	185	454	T
349	185	455	T
349	185	737	T
349	185	738	T
349	185	1106	T
349	248	87	T
349	253	10	T
349	253	14	T
349	253	52	T
349	253	71	T
349	253	72	T
349	253	73	T
349	253	74	T
349	253	75	T
349	253	76	T
349	253	77	T
349	253	78	T
349	253	79	T
349	253	80	T
349	253	81	T
349	253	82	T
349	253	83	T
349	253	84	T
349	253	85	T
349	253	86	T
349	253	87	T
349	253	89	T
349	253	90	T
349	253	91	T
349	253	92	T
349	253	93	T
349	253	94	T
349	253	95	T
349	253	96	T
349	253	97	T
349	253	98	T
349	253	99	T
349	253	100	T
349	253	101	T
349	253	102	T
349	253	104	T
349	253	105	T
349	253	106	T
349	253	107	T
349	253	108	T
349	253	109	T
349	253	110	T
349	253	111	T
349	253	112	T
349	253	113	T
349	253	138	T
349	253	150	T
349	253	160	T
349	253	286	T
349	253	287	T
349	253	330	T
349	253	385	T
349	253	386	T
349	253	457	T
349	253	1153	T
349	253	1154	T
349	256	86	T
349	256	87	T
349	258	118	T
349	258	1164	T
349	258	1165	T
349	260	119	T
349	260	120	T
349	273	162	T
349	273	163	T
349	273	1180	T
349	273	1181	T
349	273	1182	T
349	276	1180	T
349	283	1182	T
349	283	1183	T
349	283	1184	T
349	283	1185	T
349	283	1186	T
349	283	1187	T
349	283	1188	T
349	283	1189	T
349	283	1190	T
349	283	1191	T
349	283	1192	T
349	283	1193	T
349	283	1194	T
349	283	1195	T
349	283	1196	T
349	283	1197	T
349	283	1198	T
349	283	1199	T
349	283	1200	T
349	283	1201	T
349	283	1202	T
349	283	1203	T
349	283	1204	T
349	283	1205	T
349	283	1206	T
349	283	1207	T
349	283	1208	T
349	283	1209	T
349	283	1210	T
349	283	1211	T
349	283	1212	T
349	283	1213	T
349	283	1214	T
349	283	1215	T
349	283	1216	T
349	283	1217	T
349	283	1218	T
349	283	1219	T
349	287	91	T
349	287	92	T
349	287	93	T
349	287	98	T
349	287	254	T
349	287	255	T
349	287	1220	T
349	287	1239	T
349	287	1240	T
349	287	1241	T
349	287	1242	T
349	287	1243	T
349	287	1244	T
349	287	1245	T
349	287	1246	T
349	287	1247	T
349	287	1248	T
349	287	1249	T
349	287	1250	T
349	287	1251	T
349	287	1252	T
349	287	1253	T
349	287	1254	T
349	287	1255	T
349	287	1256	T
349	287	1257	T
349	287	1258	T
349	292	171	T
349	292	172	T
349	292	173	T
349	292	174	T
349	292	175	T
349	292	176	T
349	292	177	T
349	292	178	T
349	292	179	T
349	292	180	T
349	292	181	T
349	292	182	T
349	292	183	T
349	292	184	T
349	292	185	T
349	292	186	T
349	292	187	T
349	292	188	T
349	292	189	T
349	292	190	T
349	292	191	T
349	292	193	T
349	292	194	T
349	292	196	T
349	292	197	T
349	292	198	T
349	292	199	T
349	292	200	T
349	292	201	T
349	292	202	T
349	292	203	T
349	292	204	T
349	292	205	T
349	292	206	T
349	292	207	T
349	292	208	T
349	292	209	T
349	292	282	T
349	292	1259	T
349	292	1260	T
349	292	1261	T
349	292	1262	T
349	292	1263	T
349	292	1264	T
349	292	1265	T
349	292	1266	T
349	292	1267	T
349	292	1268	T
349	292	1269	T
349	292	1270	T
349	292	1271	T
349	292	1272	T
349	292	1273	T
349	292	1274	T
349	292	1275	T
349	292	1276	T
349	292	1277	T
349	292	1278	T
349	292	1279	T
349	292	1280	T
349	292	1281	T
349	292	1282	T
349	292	1283	T
349	292	1284	T
349	292	1285	T
349	292	1286	T
349	292	1287	T
349	292	1288	T
349	292	1289	T
349	292	1290	T
349	292	1291	T
349	292	1292	T
349	292	1293	T
349	292	1294	T
349	292	1295	T
349	292	1296	T
349	292	1301	T
349	292	1373	T
349	292	1376	T
349	292	1380	T
349	292	1382	T
349	292	1386	T
349	292	1387	T
349	292	1388	T
349	292	1389	T
349	292	1390	T
349	292	1391	T
349	292	1392	T
349	292	1393	T
349	292	1394	T
349	292	1395	T
349	292	1396	T
349	292	1397	T
349	292	1398	T
349	292	1399	T
349	292	1400	T
349	292	1401	T
349	292	1402	T
349	292	1403	T
349	292	1404	T
349	292	1405	T
349	292	1406	T
349	292	1407	T
349	292	1408	T
349	292	1409	T
349	292	1410	T
349	292	1411	T
349	292	1412	T
349	292	1413	T
349	292	1414	T
349	292	1415	T
349	292	1416	T
349	292	1417	T
349	292	1418	T
349	292	1419	T
349	292	1420	T
349	292	1421	T
349	292	1422	T
349	292	1423	T
349	292	1424	T
349	292	1425	T
349	292	1426	T
349	292	1427	T
349	292	1428	T
349	292	1429	T
349	292	1430	T
349	292	1431	T
349	292	1432	T
349	292	1433	T
349	292	1434	T
349	292	1435	T
349	292	1436	T
349	355	118	T
349	355	138	T
349	355	150	T
349	355	254	T
349	355	255	T
349	355	256	T
349	355	257	T
349	355	258	T
349	355	259	T
349	355	260	T
349	355	261	T
349	355	286	T
349	355	287	T
349	355	292	T
349	355	330	T
349	355	457	T
349	355	465	T
349	355	1153	T
349	355	1154	T
349	355	1455	T
349	355	1456	T
349	355	1457	T
349	355	1458	T
349	355	1835	T
349	355	1836	T
349	355	1837	T
349	355	1838	T
349	355	1839	T
349	355	1840	T
349	355	1841	T
349	355	1842	T
349	355	1843	T
349	355	1844	T
349	355	1845	T
349	355	1847	T
349	355	1850	T
349	355	1851	T
349	355	1852	T
349	355	1853	T
349	355	1854	T
349	355	1855	T
349	355	1856	T
349	355	1857	T
349	355	1858	T
349	355	1859	T
349	355	1860	T
349	355	1861	T
349	355	1862	T
349	355	1863	T
349	355	1864	T
349	355	1865	T
349	355	1866	T
349	355	1867	T
349	355	1868	T
349	355	1869	T
349	355	1870	T
349	518	14	T
349	518	69	T
349	518	70	T
349	518	101	T
349	518	102	T
349	518	110	T
349	518	111	T
349	518	113	T
349	518	118	T
349	518	138	T
349	518	144	T
349	518	149	T
349	518	150	T
349	518	262	T
349	518	263	T
349	518	264	T
349	518	265	T
349	518	266	T
349	518	267	T
349	518	286	T
349	518	287	T
349	518	292	T
349	518	330	T
349	518	457	T
349	518	465	T
349	518	1252	T
349	518	1455	T
349	518	1456	T
349	518	1457	T
349	518	1458	T
349	518	1835	T
349	518	1836	T
349	518	1837	T
349	518	1838	T
349	518	1839	T
349	518	1840	T
349	518	1841	T
349	518	1842	T
349	518	1843	T
349	518	1844	T
349	518	1845	T
349	518	1847	T
349	518	1850	T
349	518	1855	T
349	518	1856	T
349	518	1857	T
349	518	1858	T
349	518	1859	T
349	518	1860	T
349	518	1862	T
349	518	1863	T
349	518	1864	T
349	518	1865	T
349	518	1866	T
349	518	1867	T
349	518	1868	T
349	518	1869	T
349	518	1870	T
349	518	1872	T
349	518	1873	T
349	518	1874	T
349	518	1875	T
349	518	1876	T
349	518	1877	T
349	518	1878	T
349	518	1879	T
349	518	1880	T
349	518	1881	T
349	518	1882	T
349	518	1883	T
349	518	1899	T
349	518	1900	T
349	518	1901	T
349	518	1902	T
349	518	1903	T
349	518	1904	T
349	518	1905	T
349	518	1906	T
349	518	1907	T
349	518	1908	T
349	518	1909	T
349	518	1910	T
349	518	2185	T
349	524	173	T
349	524	174	T
349	524	175	T
349	524	176	T
349	524	180	T
349	524	181	T
349	524	193	T
349	524	194	T
349	524	196	T
349	524	197	T
349	524	198	T
349	524	199	T
349	524	200	T
349	524	282	T
349	524	1259	T
349	524	1387	T
349	524	1388	T
349	524	1389	T
349	524	1390	T
349	524	1391	T
349	524	1392	T
349	524	1393	T
349	524	1394	T
349	524	1395	T
349	524	1396	T
349	524	1397	T
349	524	1398	T
349	524	1399	T
349	524	1400	T
349	524	1401	T
349	524	1402	T
349	524	1403	T
349	524	1404	T
349	524	1405	T
349	524	1406	T
349	524	1407	T
349	524	1408	T
349	524	1409	T
349	524	1410	T
349	524	1411	T
349	524	1412	T
349	524	1413	T
349	524	1414	T
349	524	1415	T
349	524	1416	T
349	524	1417	T
349	524	1418	T
349	524	1419	T
349	524	1420	T
349	524	1421	T
349	524	1422	T
349	524	1423	T
349	524	1424	T
349	524	1436	T
349	526	1456	T
349	526	1847	T
349	733	171	T
349	733	172	T
349	733	173	T
349	733	174	T
349	733	175	T
349	733	176	T
349	733	177	T
349	733	178	T
349	733	179	T
349	733	180	T
349	733	181	T
349	733	182	T
349	733	183	T
349	733	184	T
349	733	185	T
349	733	186	T
349	733	187	T
349	733	188	T
349	733	189	T
349	733	190	T
349	733	191	T
349	733	192	T
349	733	193	T
349	733	194	T
349	733	196	T
349	733	197	T
349	733	198	T
349	733	199	T
349	733	200	T
349	733	201	T
349	733	202	T
349	733	203	T
349	733	204	T
349	733	205	T
349	733	206	T
349	733	207	T
349	733	208	T
349	733	209	T
349	733	282	T
349	733	312	T
349	733	313	T
349	733	314	T
349	733	315	T
349	733	316	T
349	733	317	T
349	733	1251	T
349	733	1259	T
349	733	1260	T
349	733	1261	T
349	733	1262	T
349	733	1263	T
349	733	1264	T
349	733	1265	T
349	733	1266	T
349	733	1267	T
349	733	1268	T
349	733	1269	T
349	733	1270	T
349	733	1271	T
349	733	1272	T
349	733	1273	T
349	733	1274	T
349	733	1275	T
349	733	1276	T
349	733	1278	T
349	733	1279	T
349	733	1280	T
349	733	1281	T
349	733	1282	T
349	733	1283	T
349	733	1284	T
349	733	1285	T
349	733	1286	T
349	733	1287	T
349	733	1288	T
349	733	1289	T
349	733	1290	T
349	733	1291	T
349	733	1292	T
349	733	1293	T
349	733	1294	T
349	733	1295	T
349	733	1296	T
349	733	1301	T
349	733	1386	T
349	733	1387	T
349	733	1388	T
349	733	1389	T
349	733	1390	T
349	733	1391	T
349	733	1392	T
349	733	1393	T
349	733	1394	T
349	733	1395	T
349	733	1396	T
349	733	1397	T
349	733	1398	T
349	733	1399	T
349	733	1400	T
349	733	1401	T
349	733	1402	T
349	733	1403	T
349	733	1404	T
349	733	1405	T
349	733	1406	T
349	733	1407	T
349	733	1408	T
349	733	1409	T
349	733	1410	T
349	733	1411	T
349	733	1412	T
349	733	1413	T
349	733	1414	T
349	733	1415	T
349	733	1416	T
349	733	1417	T
349	733	1418	T
349	733	1419	T
349	733	1420	T
349	733	1421	T
349	733	1422	T
349	733	1423	T
349	733	1424	T
349	733	1426	T
349	733	1427	T
349	733	1428	T
349	733	1429	T
349	733	1430	T
349	733	1431	T
349	733	1432	T
349	733	1433	T
349	733	1434	T
349	733	1435	T
349	733	1436	T
349	733	2228	T
349	733	2377	T
349	733	2380	T
349	733	2381	T
349	733	2382	T
349	733	2383	T
349	733	2384	T
349	733	2385	T
349	733	2386	T
349	733	2387	T
349	733	2388	T
349	733	2389	T
349	733	2390	T
349	733	2391	T
349	733	2392	T
349	733	2393	T
349	733	2394	T
349	733	2395	T
349	733	2396	T
349	733	2397	T
349	733	2398	T
349	733	2399	T
349	733	2400	T
349	733	2401	T
349	767	14	T
349	767	40	T
349	767	70	T
349	767	110	T
349	767	113	T
349	767	145	T
349	767	268	T
349	767	269	T
349	767	270	T
349	767	271	T
349	767	272	T
349	767	273	T
349	767	1252	T
349	767	1855	T
349	767	1856	T
349	767	1857	T
349	767	1858	T
349	767	1859	T
349	767	1860	T
349	767	1862	T
349	767	1863	T
349	767	1864	T
349	767	1865	T
349	767	1866	T
349	767	1867	T
349	767	1868	T
349	767	1869	T
349	767	1870	T
349	767	1872	T
349	767	1873	T
349	767	1874	T
349	767	1875	T
349	767	1876	T
349	767	1877	T
349	767	1899	T
349	767	1900	T
349	767	1901	T
349	767	1902	T
349	767	1903	T
349	767	1904	T
349	767	1905	T
349	767	1906	T
349	767	1907	T
349	767	1908	T
349	767	1909	T
349	767	1910	T
349	767	2662	T
349	767	2740	T
349	768	1878	T
349	768	1879	T
349	768	1880	T
349	768	1881	T
349	768	1882	T
349	768	1883	T
349	768	2741	T
349	791	482	T
349	793	482	T
349	795	482	T
349	797	482	T
349	799	482	T
349	801	482	T
349	803	482	T
349	805	482	T
349	807	482	T
349	809	482	T
349	811	482	T
349	813	482	T
349	1027	482	T
349	1029	482	T
349	1031	482	T
349	1033	482	T
349	1037	482	T
349	1039	482	T
349	1041	482	T
349	1043	482	T
349	1045	482	T
349	1047	482	T
349	1049	482	T
349	1051	482	T
349	1053	482	T
349	1055	482	T
349	1057	482	T
349	1059	482	T
349	1267	2859	T
349	1267	2860	T
349	1267	2861	T
349	1267	2862	T
349	1267	2863	T
349	1267	2864	T
349	1267	2865	T
349	1267	2866	T
349	1267	2867	T
349	1267	2868	T
349	1267	2869	T
349	1267	2870	T
349	1267	2871	T
349	1267	2872	T
349	1267	2873	T
349	1267	2874	T
349	1267	2875	T
349	1267	2876	T
349	1267	2877	T
349	1267	2878	T
349	1267	2879	T
349	1267	2880	T
349	1269	194	T
349	1269	195	T
349	1269	204	T
349	1269	205	T
349	1269	206	T
349	1269	1259	T
349	1269	1260	T
349	1269	1261	T
349	1269	1262	T
349	1269	1263	T
349	1269	1264	T
349	1269	1265	T
349	1269	1278	T
349	1269	1279	T
349	1269	1280	T
349	1269	1281	T
349	1269	1282	T
349	1269	1296	T
349	1269	1301	T
349	1269	1386	T
349	1269	1387	T
349	1269	1391	T
349	1269	1392	T
349	1269	1393	T
349	1269	1394	T
349	1269	1395	T
349	1269	1396	T
349	1269	1397	T
349	1269	1409	T
349	1269	1410	T
349	1269	1411	T
349	1269	1412	T
349	1269	1413	T
349	1269	1434	T
349	1269	1435	T
349	1269	2894	T
349	1269	2900	T
349	1269	2901	T
349	1269	2905	T
349	1269	3022	T
349	1269	3078	T
349	1269	3079	T
349	1359	10	T
349	1359	40	T
349	1359	71	T
349	1359	72	T
349	1359	73	T
349	1359	74	T
349	1359	75	T
349	1359	82	T
349	1359	83	T
349	1359	85	T
349	1359	86	T
349	1359	87	T
349	1359	89	T
349	1359	90	T
349	1359	91	T
349	1359	100	T
349	1359	101	T
349	1359	104	T
349	1359	105	T
349	1359	106	T
349	1359	107	T
349	1359	109	T
349	1359	110	T
349	1359	111	T
349	1359	112	T
349	1359	113	T
349	1359	138	T
349	1359	150	T
349	1359	160	T
349	1359	286	T
349	1359	287	T
349	1359	290	T
349	1359	457	T
349	1359	465	T
349	1359	2859	T
349	1359	2860	T
349	1359	2861	T
349	1359	2862	T
349	1359	2863	T
349	1359	2864	T
349	1359	2865	T
349	1359	2866	T
349	1359	2867	T
349	1359	2868	T
349	1359	2869	T
349	1359	2870	T
349	1359	2871	T
349	1359	2872	T
349	1359	2873	T
349	1359	2874	T
349	1359	2875	T
349	1359	2876	T
349	1359	3081	T
349	1359	3082	T
349	1359	3314	T
349	1359	3315	T
349	1359	3316	T
349	1359	3317	T
349	1359	3318	T
349	1359	3319	T
349	1360	1878	T
349	1360	2859	T
349	1360	2865	T
349	1360	2871	T
349	1360	3314	T
349	1360	3562	T
349	1361	1879	T
349	1361	2860	T
349	1361	2866	T
349	1361	2872	T
349	1361	3315	T
349	1361	3649	T
349	1362	1880	T
349	1362	2861	T
349	1362	2867	T
349	1362	2873	T
349	1362	3316	T
349	1362	3730	T
349	1363	1881	T
349	1363	2862	T
349	1363	2868	T
349	1363	2874	T
349	1363	3317	T
349	1363	3811	T
349	1364	1882	T
349	1364	2863	T
349	1364	2869	T
349	1364	2875	T
349	1364	3318	T
349	1364	3892	T
349	1365	1883	T
349	1365	2864	T
349	1365	2870	T
349	1365	2876	T
349	1365	3319	T
349	1365	3973	T
349	1366	41	T
349	1366	76	T
349	1366	77	T
349	1366	78	T
349	1366	79	T
349	1366	80	T
349	1366	81	T
349	1366	84	T
349	1366	92	T
349	1366	93	T
349	1366	94	T
349	1366	95	T
349	1366	96	T
349	1366	97	T
349	1366	98	T
349	1366	99	T
349	1366	102	T
349	1366	108	T
349	1366	292	T
349	1366	4034	T
349	1366	4035	T
349	1366	4036	T
349	1366	4037	T
349	1366	4038	T
349	1366	4039	T
349	1366	4040	T
349	1366	4041	T
349	1579	1259	T
349	1579	1387	T
349	1581	10	T
349	1581	40	T
349	1581	87	T
349	1581	88	T
349	1581	286	T
349	1581	287	T
349	1581	2859	T
349	1581	2860	T
349	1581	2861	T
349	1581	2862	T
349	1581	2863	T
349	1581	2864	T
349	1979	482	T
349	1981	482	T
349	1983	482	T
349	1985	482	T
349	1987	482	T
349	1989	482	T
349	1991	482	T
349	1993	482	T
349	1995	482	T
349	1997	482	T
349	1999	482	T
349	2001	482	T
349	2003	482	T
349	2005	482	T
349	2007	482	T
349	2009	482	T
349	2011	482	T
349	2013	482	T
349	2015	482	T
349	2017	482	T
349	2019	482	T
349	2021	482	T
349	2023	482	T
349	2025	482	T
349	2027	482	T
349	2029	482	T
349	2031	482	T
349	2033	482	T
349	2035	482	T
349	2037	482	T
349	2039	482	T
349	2041	482	T
349	2339	482	T
349	2341	482	T
349	2343	482	T
349	2345	482	T
349	2347	482	T
349	2349	482	T
349	2351	482	T
349	2353	482	T
349	2355	482	T
349	2357	482	T
349	2359	482	T
349	2361	482	T
349	2363	482	T
349	2365	482	T
349	2367	482	T
349	2369	482	T
349	2371	482	T
349	2373	482	T
349	2375	482	T
349	2377	482	T
349	2379	482	T
349	2381	482	T
349	2383	482	T
349	2385	482	T
349	2387	482	T
349	2389	482	T
349	2391	482	T
349	2393	482	T
349	2395	482	T
349	2397	482	T
349	2399	482	T
349	2401	482	T
349	2403	482	T
349	2405	482	T
349	2407	482	T
349	2409	482	T
349	2411	482	T
349	2413	482	T
349	2415	482	T
349	2417	482	T
349	2419	482	T
349	2421	482	T
349	2423	482	T
349	2425	482	T
349	2427	482	T
349	2429	482	T
349	2796	483	T
349	2796	4052	T
349	2796	4054	T
349	2796	4058	T
349	2796	4062	T
349	2796	4067	T
349	2796	4071	T
349	2796	4075	T
349	2796	4080	T
349	2796	4084	T
349	2796	4088	T
349	2796	4092	T
349	2796	4095	T
349	2796	4096	T
349	2796	4097	T
349	2796	4098	T
349	2796	4099	T
349	2796	4100	T
349	2796	4101	T
349	2796	4102	T
349	2796	4103	T
349	2796	4104	T
349	2796	4105	T
349	2796	4106	T
349	2796	4107	T
349	2796	4108	T
349	2796	4109	T
349	2796	4110	T
349	2796	4111	T
349	2796	4112	T
349	2796	4113	T
349	2796	4114	T
349	2796	4115	T
349	2796	4116	T
349	2796	4134	T
349	2796	4135	T
349	2796	4142	T
349	2796	4147	T
349	2796	4154	T
349	2796	4156	T
349	2796	4157	T
349	2796	4158	T
349	2796	4159	T
349	2796	4160	T
349	2796	4161	T
349	2796	4162	T
349	2796	4163	T
349	2796	4164	T
349	2796	4165	T
349	2796	4166	T
349	2796	4167	T
349	2796	4168	T
349	2796	4169	T
349	2796	4170	T
349	2796	4171	T
349	2796	4172	T
349	2796	4173	T
349	2796	4174	T
349	2796	4175	T
349	2796	4176	T
349	2796	4177	T
349	2796	4178	T
349	2796	4179	T
349	2796	4180	T
349	2796	4181	T
349	2796	4182	T
349	2796	4183	T
349	2796	4184	T
349	2796	4185	T
349	2796	4186	T
349	2796	4187	T
349	2796	4188	T
349	2796	4189	T
349	2796	4190	T
349	2796	4191	T
349	2796	4192	T
349	2796	4193	T
349	2796	4194	T
349	2796	4195	T
349	2796	4196	T
349	2796	4197	T
349	2796	4198	T
349	2796	4199	T
349	2796	4200	T
349	2796	4201	T
349	2796	4202	T
349	2796	4203	T
349	2796	4204	T
349	2796	4205	T
349	2796	4206	T
349	2796	4207	T
349	2796	4208	T
349	2796	4209	T
349	2796	4210	T
349	2796	4211	T
349	2796	4212	T
349	2796	4213	T
349	2796	4214	T
349	2796	4215	T
349	2796	4216	T
349	2796	4217	T
349	2796	4218	T
349	2796	4219	T
349	2796	4220	T
349	2796	4221	T
349	2796	4222	T
349	2796	4223	T
349	2796	4224	T
349	2796	4225	T
349	2796	4226	T
349	2796	4227	T
349	2796	4228	T
349	2796	4229	T
349	2796	4230	T
349	2796	4231	T
349	2796	4232	T
349	2796	4233	T
349	2796	4234	T
349	2796	4235	T
349	2796	4236	T
349	2796	4237	T
349	2796	4238	T
349	2796	4239	T
349	2796	4240	T
349	2796	4241	T
349	2796	4242	T
349	2796	4243	T
349	2796	4244	T
349	2796	4245	T
349	2796	4246	T
349	2796	4247	T
349	2796	4248	T
349	2796	4249	T
349	2796	4250	T
349	2796	4251	T
349	2796	4252	T
349	2796	4253	T
349	2796	4254	T
349	2796	4255	T
349	2796	4256	T
349	2796	4257	T
349	2796	4258	T
349	2796	4259	T
349	2796	4260	T
349	2796	4261	T
349	2796	4262	T
349	2796	4263	T
349	2796	4264	T
349	2796	4265	T
349	2796	4266	T
349	2796	4267	T
349	2796	4268	T
349	2796	4269	T
349	2796	4270	T
349	2796	4271	T
349	2796	4272	T
349	2796	4273	T
349	2796	4274	T
349	2796	4275	T
349	2796	4276	T
349	2796	4277	T
349	2796	4278	T
349	2796	4279	T
349	2796	4280	T
349	2796	4281	T
349	2796	4282	T
349	2796	4283	T
349	2796	4284	T
349	2796	4285	T
349	2796	4286	T
349	2796	4287	T
349	2796	4288	T
349	2796	4289	T
349	2796	4290	T
349	2796	4291	T
349	2796	4292	T
349	2796	4293	T
349	2796	4294	T
349	2796	4295	T
349	2796	4296	T
349	2796	4297	T
349	2796	4298	T
349	2796	4299	T
349	2796	4300	T
349	2796	4301	T
349	2796	4302	T
349	2796	4303	T
349	2796	4304	T
349	2796	4305	T
349	2796	4306	T
349	2796	4307	T
349	2796	4308	T
349	2796	4309	T
349	2796	4310	T
349	2796	4311	T
349	2796	4312	T
349	2796	4313	T
349	2796	4314	T
349	2796	4315	T
349	2796	4316	T
349	2796	4317	T
349	2796	4318	T
349	2796	4319	T
349	2796	4320	T
349	2796	4321	T
349	2796	4322	T
349	2796	4323	T
349	2796	4324	T
349	2796	4325	T
349	2796	4326	T
349	2796	4327	T
349	2796	4328	T
349	2796	4329	T
349	2796	4330	T
349	2796	4331	T
349	2796	4332	T
349	2796	4333	T
349	2796	4334	T
349	2796	4335	T
349	2796	4336	T
349	2796	4337	T
349	2796	4338	T
349	2796	4339	T
349	2796	4340	T
349	2796	4341	T
349	2796	4342	T
349	2796	4343	T
349	2796	4344	T
349	2796	4345	T
349	2796	4346	T
349	2796	4347	T
349	2796	4348	T
349	2796	4349	T
349	2796	4350	T
349	2796	4351	T
349	2796	4352	T
349	2796	4353	T
349	2796	4354	T
349	2796	4355	T
349	2796	4356	T
349	2796	4357	T
349	2796	4358	T
349	2796	4359	T
349	2796	4360	T
349	2796	4361	T
349	2796	4362	T
349	2796	4363	T
349	2796	4364	T
349	2796	4365	T
349	2796	4366	T
349	2796	4367	T
349	2796	4368	T
349	2796	4369	T
349	2796	4370	T
349	2796	4371	T
349	2796	4372	T
349	2796	4373	T
349	2796	4374	T
349	2796	4375	T
349	2796	4376	T
349	2796	4377	T
349	2796	4378	T
349	2796	4379	T
349	2796	4380	T
349	2796	4381	T
349	2796	4382	T
349	2796	4383	T
349	2796	4384	T
349	2796	4385	T
349	2796	4386	T
349	2796	4387	T
349	2796	4388	T
349	2796	4389	T
349	2796	4390	T
349	2796	4391	T
349	2796	4392	T
349	2796	4393	T
349	2796	4394	T
349	2796	4395	T
349	2796	4396	T
349	2796	4397	T
349	2796	4398	T
349	2796	4399	T
349	2796	4400	T
349	2796	4401	T
349	2796	4402	T
349	2796	4403	T
349	2796	4404	T
349	2796	4405	T
349	2796	4406	T
349	2796	4407	T
349	2796	4408	T
349	2796	4409	T
349	2796	4410	T
349	2796	4411	T
349	2796	4412	T
349	2796	4413	T
349	2796	4414	T
349	2796	4415	T
349	2796	4416	T
349	2796	4417	T
349	2796	4418	T
349	2796	4419	T
349	2796	4420	T
349	2796	4421	T
349	2796	4422	T
349	2796	4423	T
349	2796	4424	T
349	2796	4425	T
349	2796	4426	T
349	2796	4427	T
349	2796	4428	T
349	2796	4429	T
349	2796	4430	T
349	2796	4431	T
349	2796	4432	T
349	2796	4433	T
349	2796	4434	T
349	2796	4435	T
349	2796	4436	T
349	2796	4437	T
349	2796	4438	T
349	2796	4439	T
349	2796	4440	T
349	2796	4441	T
349	2796	4442	T
349	2796	4443	T
349	2796	4444	T
349	2796	4445	T
349	2796	4446	T
349	2796	4447	T
349	2796	4448	T
349	2796	4449	T
349	2796	4450	T
349	2796	4451	T
349	2796	4452	T
349	2796	4453	T
349	2796	4454	T
349	2796	4455	T
349	2796	4456	T
349	2796	4457	T
349	2796	4458	T
349	2796	4459	T
349	2796	4460	T
349	2796	4461	T
349	2796	4462	T
349	2796	4463	T
349	2796	4464	T
349	2796	4465	T
349	2796	4466	T
349	2796	4467	T
349	2796	4468	T
349	2796	4469	T
349	2796	4470	T
349	2796	4471	T
349	2796	4472	T
349	2796	4473	T
349	2796	4474	T
349	2796	4475	T
349	2796	4476	T
349	2796	4477	T
349	2796	4478	T
349	2796	4479	T
349	2796	4480	T
349	2796	4481	T
349	2796	4482	T
349	2796	4483	T
349	2796	4484	T
349	2796	4485	T
349	2796	4486	T
349	2796	4487	T
349	2796	4488	T
349	2796	4489	T
349	2796	4490	T
349	2796	4491	T
349	2796	4492	T
349	2796	4493	T
349	2796	4494	T
349	2796	4495	T
349	2796	4496	T
349	2796	4497	T
349	2796	4498	T
349	2796	4499	T
349	2796	4500	T
349	2796	4501	T
349	2796	4502	T
349	2796	4503	T
349	2796	4504	T
349	2796	4505	T
349	2796	4506	T
349	2796	4507	T
349	2796	4508	T
349	2796	4509	T
349	2796	4510	T
349	2796	4511	T
349	2796	4512	T
349	2796	4513	T
349	2796	4514	T
349	2796	4515	T
349	2796	4516	T
349	2796	4517	T
349	2796	4518	T
349	2796	4519	T
349	2796	4520	T
349	2796	4521	T
349	2796	4522	T
349	2796	4523	T
349	2796	4524	T
349	2796	4525	T
349	2796	4526	T
349	2796	4527	T
349	2796	4528	T
349	2796	4529	T
349	2796	4530	T
349	2796	4531	T
349	2796	4532	T
349	2796	4533	T
349	2796	4534	T
349	2796	4535	T
349	2796	4536	T
349	2796	4537	T
349	2796	4538	T
349	2796	4539	T
349	2796	4540	T
349	2796	4541	T
349	2796	4542	T
349	2796	4543	T
349	2796	4544	T
349	2796	4545	T
349	2796	4546	T
349	2796	4547	T
349	2796	4548	T
349	2796	4549	T
349	2796	4550	T
349	2796	4551	T
349	2796	4552	T
349	2796	4553	T
349	2796	4554	T
349	2796	4555	T
349	2796	4556	T
349	2796	4557	T
349	2796	4558	T
349	2796	4559	T
349	2897	10	T
349	2897	113	T
349	2897	118	T
349	2897	290	T
349	2899	483	T
349	2901	113	T
349	2901	733	T
349	2901	734	T
349	2914	482	T
349	2917	10	T
349	2917	113	T
349	2917	118	T
349	2917	119	T
349	2917	120	T
349	2917	287	T
349	2917	454	T
349	2917	455	T
349	2917	773	T
349	2917	774	T
349	2917	775	T
349	2917	776	T
349	2917	777	T
349	2917	778	T
349	2917	779	T
349	2917	780	T
349	2917	781	T
349	2917	782	T
349	2917	783	T
349	2917	784	T
349	2917	785	T
349	2917	786	T
349	2917	787	T
349	2917	788	T
349	2917	789	T
349	2917	790	T
349	2917	791	T
349	2917	792	T
349	2917	793	T
349	2917	794	T
349	2917	795	T
349	2917	796	T
349	2917	797	T
349	2917	798	T
349	2917	1106	T
349	2917	4581	T
349	2917	4582	T
349	2917	4583	T
349	2917	4584	T
349	2917	4585	T
349	2917	4586	T
349	2917	4587	T
349	2917	4588	T
349	2917	4589	T
349	2917	4590	T
349	2917	4591	T
349	2917	4592	T
349	2917	4593	T
349	2917	4594	T
349	2917	4595	T
349	2917	4596	T
349	2917	4597	T
349	2917	4598	T
349	2917	4599	T
349	2917	4600	T
349	2917	4644	T
349	2917	4645	T
349	2917	4646	T
349	2917	4647	T
349	2917	4648	T
349	2917	4649	T
349	2917	4650	T
349	2917	4651	T
349	2917	4652	T
349	2917	4653	T
349	2917	4654	T
349	2917	4655	T
349	2917	4656	T
349	2917	4657	T
349	2921	482	T
349	2921	799	T
349	2921	800	T
349	2921	801	T
349	2921	802	T
349	2921	803	T
349	2921	804	T
349	2921	1259	T
349	2921	4686	T
349	2921	4708	T
349	2921	4713	T
349	2921	4714	T
349	2921	4715	T
349	2921	4716	T
349	2921	4717	T
349	2921	4718	T
349	2921	4719	T
349	2921	4720	T
349	2921	4721	T
349	2921	4722	T
349	2921	4723	T
349	2921	4724	T
349	3068	770	T
349	3080	120	T
349	3080	737	T
349	3080	738	T
349	3112	1182	T
349	3112	4725	T
349	3112	4726	T
349	3112	4727	T
349	3112	4728	T
349	3112	4729	T
349	3112	4730	T
349	3112	4731	T
349	3160	114	T
349	3160	115	T
349	3160	456	T
349	3160	4191	T
349	3160	4748	T
349	3160	4770	T
349	3160	4771	T
349	3160	4772	T
349	3160	4773	T
349	3160	4774	T
349	3162	10	T
349	3162	14	T
349	3162	113	T
349	3162	166	T
349	3162	286	T
349	3162	287	T
349	3162	290	T
349	3162	292	T
349	3162	385	T
349	3162	386	T
349	3162	456	T
349	3162	457	T
349	3162	737	T
349	3162	738	T
349	3162	4775	T
349	3162	4780	T
349	3162	4785	T
349	3162	4786	T
349	3162	4816	T
349	3162	4817	T
349	3248	210	T
349	3248	1259	T
349	3248	1261	T
349	3248	1262	T
349	3248	1263	T
349	3248	1278	T
349	3248	1279	T
349	3248	1280	T
349	3248	1296	T
349	3248	1387	T
349	3248	1391	T
349	3248	1392	T
349	3248	1393	T
349	3248	1394	T
349	3248	1395	T
349	3248	1409	T
349	3248	1410	T
349	3248	1411	T
349	3275	1182	T
349	3275	4861	T
349	3275	4862	T
349	3390	286	T
349	3390	287	T
