349	1	1	20	1	2
349	1	2	6	1	2
349	1	3	8	1	2
349	1	4	9	1	2
349	1	5	10	1	2
349	1	6	104	1	2
349	1	7	101	1	2
349	1	8	7	1	2
349	1	9	15	1	2
349	1	29	102	1	2
349	1	30	3	1	2
349	1	31	10	1	2
349	1	32	10	2	2
349	1	33	8	1	2
349	1	34	20	1	2
349	1	35	103	1	2
349	1	36	105	1	2
349	1	37	108	1	2
349	1	38	20	1	2
349	1	39	22	1	2
349	1	40	8	1	2
349	1	41	6	1	2
349	1	42	22	1	2
349	1	45	3	1	2
349	1	46	9	1	2
349	1	47	14	1	2
349	1	48	3	1	2
349	1	49	6	1	2
349	1	50	8	1	2
349	1	51	200	1	2
349	1	52	205	1	2
349	1	53	300	1	2
349	1	54	16	1	2
349	1	55	16	2	2
349	1	56	6	1	2
349	1	57	8	1	2
349	1	66	21	1	2
349	1	67	9	1	2
349	1	68	10	1	2
349	1	69	20	1	2
349	1	70	20	2	2
349	1	71	100	1	2
349	1	72	350	1	2
349	1	73	21	1	2
349	1	74	11	1	2
349	1	75	12	1	2
349	1	76	100	1	2
349	1	77	401	1	2
349	1	78	400	1	2
349	1	79	100	1	2
349	1	80	1	1	2
349	1	81	2	1	2
349	1	82	6	1	2
349	1	83	13	1	2
349	1	84	14	1	2
349	1	85	205	1	2
349	1	86	8	1	2
349	1	87	370	1	2
349	1	88	21	1	2
349	1	89	13	1	2
349	1	90	4	1	2
349	1	91	4	2	2
349	1	94	400	1	2
349	1	95	9	1	2
349	1	96	14	1	2
349	1	97	14	2	2
349	1	98	14	3	2
349	1	99	14	4	2
349	1	100	8	1	2
349	1	101	8	2	2
349	1	102	8	3	2
349	1	103	400	1	2
349	1	104	6	1	2
349	1	105	20	1	2
349	1	106	8	1	2
349	1	107	8	2	2
349	1	108	8	3	2
349	1	109	3	1	2
349	1	110	9	1	2
349	1	111	13	1	2
349	1	112	8	1	2
349	1	113	4	1	2
349	1	114	4	2	2
349	1	115	4	3	2
349	1	116	4	4	2
349	1	117	4	5	2
349	1	118	4	6	2
349	1	119	4	7	2
349	1	120	4	8	2
349	1	121	4	9	2
349	1	122	4	10	2
349	1	123	4	11	2
349	1	124	4	12	2
349	1	125	360	1	2
349	1	126	400	1	2
349	1	127	100	1	2
349	1	128	12	1	2
349	1	129	380	1	2
349	1	130	6	1	2
349	1	131	410	1	2
349	1	132	8	1	2
349	1	133	8	2	2
349	1	134	6	1	2
349	1	135	6	2	2
349	1	136	6	3	2
349	1	137	415	1	2
349	1	138	420	1	2
349	1	139	8	1	2
349	1	140	6	1	2
349	1	141	410	1	2
349	1	142	310	1	2
349	1	143	451	1	2
349	1	144	452	1	2
349	1	145	453	1	2
349	1	146	454	1	2
349	1	147	455	1	2
349	1	148	456	1	2
349	1	149	459	1	2
349	1	150	457	1	2
349	1	151	458	1	2
349	1	152	8	1	2
349	1	153	9020	1	2
349	1	154	9000	1	2
349	1	155	9010	1	2
349	1	156	460	1	2
349	1	157	461	1	2
349	1	158	462	1	2
349	1	159	420	1	2
349	1	160	500	1	2
349	3	390	1	1	2
349	3	424	2	1	2
349	60	651	1	1	2
349	139	730	3	1	2
349	139	742	6	1	2
349	139	743	1	1	2
349	139	744	7	1	2
349	139	790	1	1	2
349	139	791	2	1	2
349	139	792	1	1	2
349	139	793	9	1	2
349	139	794	8	1	2
349	139	795	4	1	2
349	139	796	5	1	2
349	139	797	12	1	2
349	139	798	12	2	2
349	139	799	12	3	2
349	139	800	12	4	2
349	139	801	12	5	2
349	139	802	12	6	2
349	139	803	12	7	2
349	139	804	13	1	2
349	139	805	13	2	2
349	139	806	13	3	2
349	139	807	13	4	2
349	139	808	13	5	2
349	139	809	13	6	2
349	139	810	14	1	2
349	139	811	12	1	2
349	139	812	10	1	2
349	139	813	10	2	2
349	139	814	11	1	2
349	143	1539	1	1	2
349	143	1540	2	1	2
349	143	1541	3	1	2
349	143	1542	4	1	2
349	143	1543	7	1	2
349	143	1544	9	1	2
349	143	1545	6	1	2
349	143	1546	8	1	2
349	143	1547	10	1	2
349	143	1548	5	1	2
349	143	1549	12	1	2
349	143	1550	11	1	2
349	143	1551	2	1	2
349	143	1552	4	1	2
349	143	1553	3	1	2
349	143	1554	4	1	2
349	143	1555	4	2	2
349	143	1556	13	1	2
349	143	1557	13	2	2
349	182	1539	1	1	2
349	182	1540	2	1	2
349	182	1541	3	1	2
349	182	1542	4	1	2
349	182	1543	7	1	2
349	182	1544	9	1	2
349	182	1545	6	1	2
349	182	1546	8	1	2
349	182	1547	10	1	2
349	182	1548	5	1	2
349	182	1549	12	1	2
349	182	1550	11	1	2
349	182	1551	2	1	2
349	182	1552	4	1	2
349	182	1553	3	1	2
349	182	1554	4	1	2
349	182	1555	4	2	2
349	182	1556	13	1	2
349	182	1557	13	2	2
349	182	1857	14	1	2
349	247	2074	1	1	2
349	252	2088	1	1	2
349	252	2089	2	1	2
349	261	2096	1	1	2
349	282	2147	1	1	2
349	284	2163	10	1	2
349	285	2163	10	1	2
349	286	2194	2	1	2
349	286	2292	1	1	2
349	286	2293	1	2	2
349	286	2294	1	3	2
349	286	2295	1	4	2
349	286	2296	1	5	2
349	286	2297	1	6	2
349	286	2341	1	1	2
349	286	2342	32	1	2
349	286	2343	1	1	2
349	291	2436	12	1	2
349	291	2437	5	1	2
349	291	2438	13	1	2
349	291	2439	14	1	2
349	291	2440	16	1	2
349	291	2441	17	1	2
349	291	2442	2	1	2
349	291	2443	1	1	2
349	291	2444	12	1	2
349	291	2445	12	2	2
349	291	2446	10	1	2
349	291	2447	16	1	2
349	291	2448	16	2	2
349	291	2449	17	1	2
349	291	2450	17	2	2
349	291	2451	12	1	2
349	354	2088	4	1	2
349	354	2089	5	1	2
349	354	3236	1	1	2
349	354	3237	2	1	2
349	354	3238	3	1	2
349	354	3239	0	1	2
349	354	3240	6	1	2
349	354	3241	7	1	2
349	354	3242	13	1	2
349	354	3243	12	1	2
349	354	3244	12	2	2
349	354	3245	12	3	2
349	354	3246	12	4	2
349	354	3247	12	5	2
349	354	3248	12	6	2
349	354	3249	12	7	2
349	354	3250	14	1	2
349	354	3251	11	1	2
349	356	2436	22	1	2
349	356	2438	23	1	2
349	356	2439	24	1	2
349	356	2441	28	1	2
349	356	2442	2	1	2
349	356	2444	22	1	2
349	356	2445	22	2	2
349	356	2446	21	1	2
349	356	2447	16	1	2
349	356	2448	16	2	2
349	356	2449	17	1	2
349	356	2450	17	2	2
349	356	2451	22	1	2
349	356	3253	11	1	2
349	356	3254	26	1	2
349	356	3255	27	1	2
349	356	3256	11	1	2
349	356	3257	11	2	2
349	356	3258	11	3	2
349	356	3259	11	4	2
349	356	3260	11	5	2
349	356	3261	11	6	2
349	356	3262	11	7	2
349	356	3263	11	8	2
349	356	3264	11	9	2
349	356	3265	11	10	2
349	356	3266	11	11	2
349	356	3267	11	12	2
349	356	3268	11	13	2
349	356	3269	11	14	2
349	356	3270	11	15	2
349	356	3271	11	16	2
349	356	3272	1	1	2
349	379	2436	12	1	2
349	379	2438	13	1	2
349	379	2439	14	1	2
349	379	2441	17	1	2
349	379	2442	2	1	2
349	379	2444	12	1	2
349	379	2445	12	2	2
349	379	2446	10	1	2
349	379	2447	15	1	2
349	379	2448	15	2	2
349	379	2449	15	3	2
349	379	2450	15	4	2
349	379	2451	12	1	2
349	379	3298	5	1	2
349	379	3299	16	1	2
349	379	3300	1	1	2
349	403	2436	12	1	2
349	403	2438	13	1	2
349	403	2439	14	1	2
349	403	2441	17	1	2
349	403	2442	2	1	2
349	403	2444	12	1	2
349	403	2446	10	1	2
349	403	2447	15	1	2
349	403	2448	15	2	2
349	403	2449	15	3	2
349	403	2450	15	4	2
349	403	2451	12	1	2
349	403	3328	5	1	2
349	403	3329	16	1	2
349	403	3330	1	1	2
349	425	2436	12	1	2
349	425	2438	13	1	2
349	425	2441	17	1	2
349	425	2442	2	1	2
349	425	2444	12	1	2
349	425	3355	11	1	2
349	425	3356	1	1	2
349	452	2436	12	1	2
349	452	2438	13	1	2
349	452	2439	14	1	2
349	452	2441	17	1	2
349	452	2442	2	1	2
349	452	2444	12	1	2
349	452	2445	12	2	2
349	452	2446	10	1	2
349	452	2447	15	1	2
349	452	2448	15	2	2
349	452	2449	15	3	2
349	452	2450	15	4	2
349	452	2451	12	1	2
349	452	3390	5	1	2
349	452	3391	16	1	2
349	452	3392	1	1	2
349	473	2436	22	1	2
349	473	2438	23	1	2
349	473	2439	24	1	2
349	473	2441	28	1	2
349	473	2442	2	1	2
349	473	2444	22	1	2
349	473	2445	22	2	2
349	473	2446	21	1	2
349	473	2447	16	1	2
349	473	2448	16	2	2
349	473	2449	17	1	2
349	473	2450	17	2	2
349	473	2451	22	1	2
349	473	3256	11	2	2
349	473	3257	11	3	2
349	473	3258	11	4	2
349	473	3259	11	5	2
349	473	3260	11	6	2
349	473	3261	11	7	2
349	473	3262	11	8	2
349	473	3263	11	9	2
349	473	3264	11	10	2
349	473	3265	11	11	2
349	473	3266	11	12	2
349	473	3267	11	13	2
349	473	3268	11	14	2
349	473	3269	11	15	2
349	473	3270	11	16	2
349	473	3271	11	17	2
349	473	3418	26	1	2
349	473	3419	11	1	2
349	473	3420	1	1	2
349	496	2436	12	1	2
349	496	2438	13	1	2
349	496	2439	14	1	2
349	496	2441	17	1	2
349	496	2442	2	1	2
349	496	2444	12	1	2
349	496	2445	12	2	2
349	496	2446	10	1	2
349	496	2447	16	1	2
349	496	2448	16	2	2
349	496	2449	17	1	2
349	496	2450	17	2	2
349	496	2451	12	1	2
349	496	3455	5	1	2
349	496	3456	16	1	2
349	496	3457	18	1	2
349	496	3458	1	1	2
349	496	3459	3	1	2
349	517	3236	2	1	2
349	517	3237	2	2	2
349	517	3238	3	1	2
349	517	3239	4	1	2
349	517	3242	13	1	2
349	517	3243	12	1	2
349	517	3244	12	2	2
349	517	3245	12	3	2
349	517	3246	12	4	2
349	517	3247	12	5	2
349	517	3248	12	6	2
349	517	3249	12	7	2
349	517	3483	3	1	2
349	517	3484	11	1	2
349	517	3485	1	1	2
349	523	2436	22	1	2
349	523	2438	23	1	2
349	523	2439	24	1	2
349	523	2442	2	1	2
349	523	2444	22	1	2
349	523	2445	22	2	2
349	523	2446	25	1	2
349	523	2451	22	1	2
349	523	3418	26	1	2
349	523	3420	1	1	2
349	523	3491	11	1	2
349	528	2436	12	1	2
349	528	2438	13	1	2
349	528	2439	14	1	2
349	528	2441	17	1	2
349	528	2442	2	1	2
349	528	2444	12	1	2
349	528	2445	12	2	2
349	528	2446	10	1	2
349	528	2451	12	1	2
349	528	3499	5	1	2
349	528	3500	16	1	2
349	528	3501	1	1	2
349	544	2436	12	1	2
349	544	2438	13	1	2
349	544	2439	14	1	2
349	544	2441	17	1	2
349	544	2442	2	1	2
349	544	2444	12	1	2
349	544	2445	12	2	2
349	544	2446	10	1	2
349	544	2447	16	1	2
349	544	2448	16	2	2
349	544	2449	17	1	2
349	544	2450	17	2	2
349	544	2451	12	1	2
349	544	3519	5	1	2
349	544	3520	16	1	2
349	544	3521	1	1	2
349	566	2436	22	1	2
349	566	2438	23	1	2
349	566	2439	24	1	2
349	566	2441	28	1	2
349	566	2442	2	1	2
349	566	2444	22	1	2
349	566	2445	22	2	2
349	566	2446	21	1	2
349	566	2447	16	1	2
349	566	2448	16	2	2
349	566	2449	17	1	2
349	566	2450	17	2	2
349	566	2451	22	1	2
349	566	3546	26	1	2
349	566	3547	11	1	2
349	566	3548	1	1	2
349	587	2436	22	1	2
349	587	2438	23	1	2
349	587	2439	24	1	2
349	587	2441	27	1	2
349	587	2442	2	1	2
349	587	2444	22	1	2
349	587	2445	22	2	2
349	587	2446	21	1	2
349	587	2447	16	1	2
349	587	2448	16	2	2
349	587	2449	17	1	2
349	587	2450	17	2	2
349	587	2451	22	1	2
349	587	3574	1	1	2
349	587	3575	11	1	2
349	587	3576	26	1	2
349	587	3577	28	1	2
349	587	3578	15	1	2
349	587	3579	15	2	2
349	587	3580	15	3	2
349	587	3581	15	4	2
349	587	3582	15	5	2
349	587	3583	15	6	2
349	587	3584	15	7	2
349	587	3585	15	8	2
349	587	3586	15	9	2
349	587	3587	16	1	2
349	587	3588	16	2	2
349	587	3589	16	3	2
349	587	3590	16	4	2
349	587	3591	16	5	2
349	587	3592	16	6	2
349	587	3593	16	7	2
349	608	2436	22	1	2
349	608	2438	23	1	2
349	608	2439	24	1	2
349	608	2441	28	1	2
349	608	2442	2	1	2
349	608	2444	22	1	2
349	608	2445	22	2	2
349	608	2446	21	1	2
349	608	2447	16	1	2
349	608	2448	16	2	2
349	608	2449	17	1	2
349	608	2450	17	2	2
349	608	2451	22	1	2
349	608	3617	1	1	2
349	608	3618	11	1	2
349	608	3619	26	1	2
349	629	2436	22	1	2
349	629	2438	23	1	2
349	629	2439	24	1	2
349	629	2441	27	1	2
349	629	2442	2	1	2
349	629	2444	22	1	2
349	629	2445	22	2	2
349	629	2446	21	1	2
349	629	2447	17	1	2
349	629	2448	17	2	2
349	629	2449	17	3	2
349	629	2450	17	4	2
349	629	2451	22	1	2
349	629	3643	1	1	2
349	629	3644	11	1	2
349	629	3645	26	1	2
349	629	3646	15	1	2
349	629	3647	15	2	2
349	629	3648	15	3	2
349	629	3649	15	4	2
349	629	3650	15	5	2
349	629	3651	15	6	2
349	629	3652	15	7	2
349	629	3653	15	8	2
349	629	3654	15	9	2
349	629	3655	16	1	2
349	629	3656	16	2	2
349	629	3657	16	3	2
349	629	3658	16	4	2
349	629	3659	16	5	2
349	629	3660	16	6	2
349	629	3661	16	7	2
349	652	2436	22	1	2
349	652	2438	23	1	2
349	652	2439	24	1	2
349	652	2441	28	1	2
349	652	2442	2	1	2
349	652	2444	22	1	2
349	652	2445	22	2	2
349	652	2446	10	1	2
349	652	2447	15	1	2
349	652	2448	15	2	2
349	652	2449	15	3	2
349	652	2450	15	4	2
349	652	2451	22	1	2
349	652	3688	1	1	2
349	652	3689	5	1	2
349	652	3690	26	1	2
349	683	2436	22	1	2
349	683	2438	23	1	2
349	683	2439	24	1	2
349	683	2441	27	1	2
349	683	2442	2	1	2
349	683	2444	22	1	2
349	683	2445	22	2	2
349	683	2446	21	1	2
349	683	2447	16	1	2
349	683	2448	16	2	2
349	683	2449	17	1	2
349	683	2450	17	2	2
349	683	2451	22	1	2
349	683	3724	1	1	2
349	683	3725	26	1	2
349	683	3726	11	1	2
349	683	3727	15	1	2
349	683	3728	15	2	2
349	683	3729	15	3	2
349	683	3730	15	4	2
349	683	3731	15	5	2
349	683	3732	15	6	2
349	683	3733	15	7	2
349	683	3734	15	8	2
349	683	3735	15	9	2
349	683	3736	16	1	2
349	683	3737	16	2	2
349	683	3738	16	3	2
349	683	3739	16	4	2
349	683	3740	16	5	2
349	683	3741	16	6	2
349	683	3742	16	7	2
349	704	2436	22	1	2
349	704	2438	23	1	2
349	704	2439	24	1	2
349	704	2441	27	1	2
349	704	2442	2	1	2
349	704	2444	22	1	2
349	704	2445	22	2	2
349	704	2446	21	1	2
349	704	3766	1	1	2
349	704	3767	26	1	2
349	704	3768	11	1	2
349	704	3769	15	1	2
349	704	3770	15	2	2
349	704	3771	15	3	2
349	704	3772	15	4	2
349	704	3773	15	5	2
349	704	3774	15	6	2
349	704	3775	15	7	2
349	704	3776	15	8	2
349	704	3777	15	9	2
349	704	3778	16	1	2
349	704	3779	16	2	2
349	704	3780	16	3	2
349	704	3781	16	4	2
349	704	3782	16	5	2
349	704	3783	16	6	2
349	704	3784	16	7	2
349	732	2436	22	1	2
349	732	2438	23	1	2
349	732	2439	24	1	2
349	732	2441	28	1	2
349	732	2442	2	1	2
349	732	2444	22	1	2
349	732	2445	22	2	2
349	732	2451	22	1	2
349	732	3816	26	1	2
349	732	3817	1	1	2
349	732	3818	3	1	2
349	732	3819	15	1	2
349	732	3820	22	1	2
349	732	3821	22	2	2
349	732	3822	11	1	2
349	732	3823	11	2	2
349	732	3824	11	3	2
349	732	3825	11	4	2
349	732	3826	11	5	2
349	732	3827	11	6	2
349	732	3828	11	7	2
349	732	3829	11	8	2
349	732	3830	11	9	2
349	732	3831	11	10	2
349	732	3832	11	11	2
349	732	3833	11	12	2
349	732	3834	11	13	2
349	732	3835	11	14	2
349	732	3836	11	15	2
349	732	3837	11	16	2
349	732	3838	12	1	2
349	732	3839	16	1	2
349	732	3840	16	2	2
349	732	3841	17	1	2
349	732	3842	17	2	2
349	732	3843	30	1	2
349	766	3242	3	1	2
349	766	4231	1	1	2
349	766	4232	2	1	2
349	766	4233	2	2	2
349	766	4234	2	3	2
349	766	4235	2	4	2
349	766	4236	2	5	2
349	766	4237	2	6	2
349	766	4238	2	7	2
349	766	4239	0	1	2
349	769	2436	22	1	2
349	769	2438	23	1	2
349	769	2439	24	1	2
349	769	2441	27	1	2
349	769	2442	2	1	2
349	769	2444	22	1	2
349	769	2445	22	2	2
349	769	2446	21	1	2
349	769	2447	17	1	2
349	769	2448	17	2	2
349	769	2449	17	3	2
349	769	2450	17	4	2
349	769	4241	26	1	2
349	769	4242	11	1	2
349	769	4243	15	1	2
349	769	4244	15	2	2
349	769	4245	15	3	2
349	769	4246	15	4	2
349	769	4247	15	5	2
349	769	4248	15	6	2
349	769	4249	15	7	2
349	769	4250	15	8	2
349	769	4251	15	9	2
349	769	4252	16	1	2
349	769	4253	16	2	2
349	769	4254	16	3	2
349	769	4255	16	4	2
349	769	4256	16	5	2
349	769	4257	16	6	2
349	769	4258	16	7	2
349	769	4259	1	1	2
349	815	2436	22	1	2
349	815	2438	23	1	2
349	815	2439	24	1	2
349	815	2440	26	1	2
349	815	2441	28	1	2
349	815	2442	2	1	2
349	815	2443	1	1	2
349	815	2444	22	1	2
349	815	2445	22	2	2
349	815	2451	22	1	2
349	815	3819	15	1	2
349	815	3820	22	1	2
349	815	3821	22	2	2
349	815	3838	12	1	2
349	815	3839	16	1	2
349	815	3840	16	2	2
349	815	3841	17	1	2
349	815	3842	17	2	2
349	815	3843	30	1	2
349	815	4297	3	1	2
349	815	4298	11	1	2
349	815	4299	11	2	2
349	815	4300	11	3	2
349	815	4301	11	4	2
349	815	4302	11	5	2
349	815	4303	11	6	2
349	815	4304	11	7	2
349	815	4305	11	8	2
349	815	4306	11	9	2
349	815	4307	11	10	2
349	815	4308	11	11	2
349	815	4309	11	12	2
349	815	4310	11	13	2
349	815	4311	11	14	2
349	815	4312	11	15	2
349	815	4313	11	16	2
349	818	2436	22	1	2
349	818	2438	23	1	2
349	818	2439	24	1	2
349	818	2441	28	1	2
349	818	2442	2	1	2
349	818	2444	22	1	2
349	818	2445	22	2	2
349	818	2451	22	1	2
349	818	3456	26	1	2
349	818	3457	29	1	2
349	818	3458	1	1	2
349	818	3459	4	1	2
349	818	3819	15	1	2
349	818	3820	22	1	2
349	818	3821	22	2	2
349	818	3838	12	1	2
349	818	3839	16	1	2
349	818	3840	16	2	2
349	818	3841	17	1	2
349	818	3842	17	2	2
349	818	3843	30	1	2
349	818	4298	11	1	2
349	818	4299	11	2	2
349	818	4300	11	3	2
349	818	4301	11	4	2
349	818	4302	11	5	2
349	818	4303	11	6	2
349	818	4304	11	7	2
349	818	4305	11	8	2
349	818	4306	11	9	2
349	818	4307	11	10	2
349	818	4308	11	11	2
349	818	4309	11	12	2
349	818	4310	11	13	2
349	818	4311	11	14	2
349	818	4312	11	15	2
349	818	4313	11	16	2
349	818	4318	3	1	2
349	819	2436	22	1	2
349	819	2438	23	1	2
349	819	2439	24	1	2
349	819	2441	28	1	2
349	819	2442	2	1	2
349	819	2444	22	1	2
349	819	2445	22	2	2
349	819	2451	22	1	2
349	819	3520	26	1	2
349	819	3521	1	1	2
349	819	3819	15	1	2
349	819	3820	22	1	2
349	819	3821	22	2	2
349	819	3838	12	1	2
349	819	3839	16	1	2
349	819	3840	16	2	2
349	819	3841	17	1	2
349	819	3842	17	2	2
349	819	3843	30	1	2
349	819	4298	11	1	2
349	819	4299	11	2	2
349	819	4300	11	3	2
349	819	4301	11	4	2
349	819	4302	11	5	2
349	819	4303	11	6	2
349	819	4304	11	7	2
349	819	4305	11	8	2
349	819	4306	11	9	2
349	819	4307	11	10	2
349	819	4308	11	11	2
349	819	4309	11	12	2
349	819	4310	11	13	2
349	819	4311	11	14	2
349	819	4312	11	15	2
349	819	4313	11	16	2
349	819	4320	3	1	2
349	820	2436	22	1	2
349	820	2438	23	1	2
349	820	2439	24	1	2
349	820	2441	28	1	2
349	820	2442	2	1	2
349	820	2444	22	1	2
349	820	2445	22	2	2
349	820	2451	22	1	2
349	820	3574	1	1	2
349	820	3576	26	1	2
349	820	3819	15	1	2
349	820	3820	22	1	2
349	820	3821	22	2	2
349	820	3838	12	1	2
349	820	3839	16	1	2
349	820	3840	16	2	2
349	820	3841	17	1	2
349	820	3842	17	2	2
349	820	3843	30	1	2
349	820	4298	11	1	2
349	820	4299	11	2	2
349	820	4300	11	3	2
349	820	4301	11	4	2
349	820	4302	11	5	2
349	820	4303	11	6	2
349	820	4304	11	7	2
349	820	4305	11	8	2
349	820	4306	11	9	2
349	820	4307	11	10	2
349	820	4308	11	11	2
349	820	4309	11	12	2
349	820	4310	11	13	2
349	820	4311	11	14	2
349	820	4312	11	15	2
349	820	4313	11	16	2
349	820	4322	3	1	2
349	821	2436	22	1	2
349	821	2438	23	1	2
349	821	2439	24	1	2
349	821	2441	28	1	2
349	821	2442	2	1	2
349	821	2444	22	1	2
349	821	2445	22	2	2
349	821	2451	22	1	2
349	821	3724	1	1	2
349	821	3725	26	1	2
349	821	3819	15	1	2
349	821	3820	22	1	2
349	821	3821	22	2	2
349	821	3838	12	1	2
349	821	3839	16	1	2
349	821	3840	16	2	2
349	821	3841	17	1	2
349	821	3842	17	2	2
349	821	3843	30	1	2
349	821	4298	11	1	2
349	821	4299	11	2	2
349	821	4300	11	3	2
349	821	4301	11	4	2
349	821	4302	11	5	2
349	821	4303	11	6	2
349	821	4304	11	7	2
349	821	4305	11	8	2
349	821	4306	11	9	2
349	821	4307	11	10	2
349	821	4308	11	11	2
349	821	4309	11	12	2
349	821	4310	11	13	2
349	821	4311	11	14	2
349	821	4312	11	15	2
349	821	4313	11	16	2
349	821	4324	3	1	2
349	822	2436	22	1	2
349	822	2438	23	1	2
349	822	2439	24	1	2
349	822	2441	28	1	2
349	822	2442	2	1	2
349	822	2444	22	1	2
349	822	2445	22	2	2
349	822	2451	22	1	2
349	822	3299	26	1	2
349	822	3300	1	1	2
349	822	3819	15	1	2
349	822	3820	22	1	2
349	822	3821	22	2	2
349	822	3838	12	1	2
349	822	3839	16	1	2
349	822	3840	16	2	2
349	822	3841	17	1	2
349	822	3842	17	2	2
349	822	3843	30	1	2
349	822	4326	3	1	2
349	822	4327	11	1	2
349	822	4328	11	2	2
349	822	4329	11	3	2
349	822	4330	11	4	2
349	822	4331	11	5	2
349	822	4332	11	6	2
349	822	4333	11	7	2
349	822	4334	11	8	2
349	822	4335	11	9	2
349	822	4336	11	10	2
349	822	4337	11	11	2
349	822	4338	11	12	2
349	822	4339	11	13	2
349	822	4340	11	14	2
349	822	4341	11	15	2
349	822	4342	11	16	2
349	824	2436	22	1	2
349	824	2438	23	1	2
349	824	2439	24	1	2
349	824	2441	28	1	2
349	824	2442	2	1	2
349	824	2444	22	1	2
349	824	2445	22	2	2
349	824	2451	22	1	2
349	824	3643	1	1	2
349	824	3645	26	1	2
349	824	3819	15	1	2
349	824	3820	22	1	2
349	824	3821	22	2	2
349	824	3838	12	1	2
349	824	3839	16	1	2
349	824	3840	16	2	2
349	824	3841	17	1	2
349	824	3842	17	2	2
349	824	3843	30	1	2
349	824	4327	11	1	2
349	824	4328	11	2	2
349	824	4329	11	3	2
349	824	4330	11	4	2
349	824	4331	11	5	2
349	824	4332	11	6	2
349	824	4333	11	7	2
349	824	4334	11	8	2
349	824	4335	11	9	2
349	824	4336	11	10	2
349	824	4337	11	11	2
349	824	4338	11	12	2
349	824	4339	11	13	2
349	824	4340	11	14	2
349	824	4341	11	15	2
349	824	4342	11	16	2
349	824	4345	3	1	2
349	825	2436	22	1	2
349	825	2438	23	1	2
349	825	2439	24	1	2
349	825	2441	28	1	2
349	825	2442	2	1	2
349	825	2444	22	1	2
349	825	2445	22	2	2
349	825	2451	22	1	2
349	825	3329	26	1	2
349	825	3330	1	1	2
349	825	3819	15	1	2
349	825	3820	22	1	2
349	825	3821	22	2	2
349	825	3839	16	1	2
349	825	3840	16	2	2
349	825	3841	17	1	2
349	825	3842	17	2	2
349	825	3843	30	1	2
349	825	4347	3	1	2
349	825	4348	11	1	2
349	825	4349	11	2	2
349	825	4350	11	3	2
349	825	4351	11	4	2
349	825	4352	11	5	2
349	825	4353	11	6	2
349	825	4354	11	7	2
349	825	4355	11	8	2
349	825	4356	11	9	2
349	825	4357	11	10	2
349	825	4358	11	11	2
349	825	4359	11	12	2
349	825	4360	11	13	2
349	825	4361	11	14	2
349	825	4362	11	15	2
349	825	4363	11	16	2
349	826	2436	22	1	2
349	826	2438	23	1	2
349	826	2439	24	1	2
349	826	2441	28	1	2
349	826	2442	2	1	2
349	826	2444	22	1	2
349	826	2445	22	2	2
349	826	2451	22	1	2
349	826	3391	26	1	2
349	826	3392	1	1	2
349	826	3819	15	1	2
349	826	3820	22	1	2
349	826	3821	22	2	2
349	826	3839	16	1	2
349	826	3840	16	2	2
349	826	3841	17	1	2
349	826	3842	17	2	2
349	826	3843	30	1	2
349	826	4348	11	1	2
349	826	4349	11	2	2
349	826	4350	11	3	2
349	826	4351	11	4	2
349	826	4352	11	5	2
349	826	4353	11	6	2
349	826	4354	11	7	2
349	826	4355	11	8	2
349	826	4356	11	9	2
349	826	4357	11	10	2
349	826	4358	11	11	2
349	826	4359	11	12	2
349	826	4360	11	13	2
349	826	4361	11	14	2
349	826	4362	11	15	2
349	826	4363	11	16	2
349	826	4365	5	1	2
349	827	2436	22	1	2
349	827	2438	23	1	2
349	827	2439	24	1	2
349	827	2441	28	1	2
349	827	2442	2	1	2
349	827	2444	22	1	2
349	827	2445	22	2	2
349	827	2451	22	1	2
349	827	3418	26	1	2
349	827	3420	1	1	2
349	827	3819	15	1	2
349	827	3820	22	1	2
349	827	3821	22	2	2
349	827	3822	11	1	2
349	827	3823	11	2	2
349	827	3824	11	3	2
349	827	3825	11	4	2
349	827	3826	11	5	2
349	827	3827	11	6	2
349	827	3828	11	7	2
349	827	3829	11	8	2
349	827	3830	11	9	2
349	827	3831	11	10	2
349	827	3832	11	11	2
349	827	3833	11	12	2
349	827	3834	11	13	2
349	827	3835	11	14	2
349	827	3836	11	15	2
349	827	3837	11	16	2
349	827	3838	12	1	2
349	827	3839	16	1	2
349	827	3840	16	2	2
349	827	3841	17	1	2
349	827	3842	17	2	2
349	827	3843	30	1	2
349	827	4367	3	1	2
349	828	2436	22	1	2
349	828	2438	23	1	2
349	828	2439	24	1	2
349	828	2441	28	1	2
349	828	2442	2	1	2
349	828	2444	22	1	2
349	828	2445	22	2	2
349	828	2451	22	1	2
349	828	3546	26	1	2
349	828	3548	1	1	2
349	828	3819	15	1	2
349	828	3820	22	1	2
349	828	3821	22	2	2
349	828	3822	11	1	2
349	828	3823	11	2	2
349	828	3824	11	3	2
349	828	3825	11	4	2
349	828	3826	11	5	2
349	828	3827	11	6	2
349	828	3828	11	7	2
349	828	3829	11	8	2
349	828	3830	11	9	2
349	828	3831	11	10	2
349	828	3832	11	11	2
349	828	3833	11	12	2
349	828	3834	11	13	2
349	828	3835	11	14	2
349	828	3836	11	15	2
349	828	3837	11	16	2
349	828	3838	12	1	2
349	828	3839	16	1	2
349	828	3840	16	2	2
349	828	3841	17	1	2
349	828	3842	17	2	2
349	828	3843	30	1	2
349	828	4369	3	1	2
349	829	2436	22	1	2
349	829	2438	23	1	2
349	829	2439	24	1	2
349	829	2441	28	1	2
349	829	2442	2	1	2
349	829	2444	22	1	2
349	829	2445	22	2	2
349	829	2451	22	1	2
349	829	3617	1	1	2
349	829	3619	26	1	2
349	829	3819	15	1	2
349	829	3820	22	1	2
349	829	3821	22	2	2
349	829	3822	11	1	2
349	829	3823	11	2	2
349	829	3824	11	3	2
349	829	3825	11	4	2
349	829	3826	11	5	2
349	829	3827	11	6	2
349	829	3828	11	7	2
349	829	3829	11	8	2
349	829	3830	11	9	2
349	829	3831	11	10	2
349	829	3832	11	11	2
349	829	3833	11	12	2
349	829	3834	11	13	2
349	829	3835	11	14	2
349	829	3836	11	15	2
349	829	3837	11	16	2
349	829	3838	12	1	2
349	829	3839	16	1	2
349	829	3840	16	2	2
349	829	3841	17	1	2
349	829	3842	17	2	2
349	829	3843	30	1	2
349	829	4371	3	1	2
349	830	2436	22	1	2
349	830	2438	23	1	2
349	830	2439	24	1	2
349	830	2441	28	1	2
349	830	2442	2	1	2
349	830	2444	22	1	2
349	830	2445	22	2	2
349	830	2451	22	1	2
349	830	3819	15	1	2
349	830	3820	22	1	2
349	830	3821	22	1	2
349	830	3839	16	1	2
349	830	3840	16	2	2
349	830	3841	17	1	2
349	830	3842	17	2	2
349	830	3843	30	1	2
349	830	4241	26	1	2
349	830	4373	1	1	2
349	830	4374	3	1	2
349	830	4375	11	1	2
349	830	4376	11	2	2
349	830	4377	11	3	2
349	830	4378	11	4	2
349	830	4379	11	5	2
349	830	4380	11	6	2
349	830	4381	11	7	2
349	830	4382	11	8	2
349	830	4383	11	9	2
349	830	4384	11	10	2
349	830	4385	11	11	2
349	830	4386	11	12	2
349	830	4387	11	13	2
349	830	4388	11	14	2
349	830	4389	11	15	2
349	830	4390	11	16	2
349	830	4391	12	1	2
349	831	2436	22	1	2
349	831	2438	23	1	2
349	831	2439	24	1	2
349	831	2441	27	1	2
349	831	2442	2	1	2
349	831	2444	22	1	2
349	831	2445	22	2	2
349	831	2446	21	1	2
349	831	2447	17	1	2
349	831	2448	17	2	2
349	831	2449	17	3	2
349	831	2450	17	4	2
349	831	2451	22	1	2
349	831	4393	1	1	2
349	831	4394	11	1	2
349	831	4395	15	1	2
349	831	4396	15	2	2
349	831	4397	15	3	2
349	831	4398	15	4	2
349	831	4399	15	5	2
349	831	4400	15	6	2
349	831	4401	15	7	2
349	831	4402	15	8	2
349	831	4403	15	9	2
349	831	4404	16	1	2
349	831	4405	16	2	2
349	831	4406	16	3	2
349	831	4407	16	4	2
349	831	4408	16	5	2
349	831	4409	16	6	2
349	831	4410	16	7	2
349	831	4411	26	1	2
349	852	2436	22	1	2
349	852	2438	23	1	2
349	852	2439	24	1	2
349	852	2441	28	1	2
349	852	2442	2	1	2
349	852	2444	22	1	2
349	852	2445	22	2	2
349	852	2451	22	1	2
349	852	3819	15	1	2
349	852	3820	22	1	2
349	852	3821	22	2	2
349	852	3838	12	1	2
349	852	3839	16	1	2
349	852	3840	16	2	2
349	852	3841	17	1	2
349	852	3842	17	2	2
349	852	3843	30	1	2
349	852	4327	11	1	2
349	852	4328	11	2	2
349	852	4329	11	3	2
349	852	4330	11	4	2
349	852	4331	11	5	2
349	852	4332	11	6	2
349	852	4333	11	7	2
349	852	4334	11	8	2
349	852	4335	11	9	2
349	852	4336	11	10	2
349	852	4337	11	11	2
349	852	4338	11	12	2
349	852	4339	11	13	2
349	852	4340	11	14	2
349	852	4341	11	15	2
349	852	4342	11	16	2
349	852	4393	1	1	2
349	852	4411	26	1	2
349	852	4435	3	1	2
349	853	2436	22	1	2
349	853	2438	23	1	2
349	853	2439	24	1	2
349	853	2441	27	1	2
349	853	2442	2	1	2
349	853	2444	22	1	2
349	853	2445	22	2	2
349	853	2446	21	1	2
349	853	2447	16	1	2
349	853	2448	16	2	2
349	853	2449	17	1	2
349	853	2450	17	2	2
349	853	2451	22	1	2
349	853	4437	1	1	2
349	853	4438	26	1	2
349	853	4439	11	1	2
349	853	4440	15	1	2
349	853	4441	15	2	2
349	853	4442	15	3	2
349	853	4443	15	4	2
349	853	4444	15	5	2
349	853	4445	15	6	2
349	853	4446	15	7	2
349	853	4447	15	8	2
349	853	4448	15	9	2
349	853	4449	16	1	2
349	853	4450	16	2	2
349	853	4451	16	3	2
349	853	4452	16	4	2
349	853	4453	16	5	2
349	853	4454	16	6	2
349	853	4455	16	7	2
349	853	4456	28	1	2
349	853	4457	5	1	2
349	874	2436	22	1	2
349	874	2438	23	1	2
349	874	2439	24	1	2
349	874	2441	28	1	2
349	874	2442	2	1	2
349	874	2444	22	1	2
349	874	2445	22	2	2
349	874	2451	22	1	2
349	874	3819	15	1	2
349	874	3820	22	1	2
349	874	3821	22	2	2
349	874	3838	12	1	2
349	874	3839	16	1	2
349	874	3840	16	2	2
349	874	3841	17	1	2
349	874	3842	17	2	2
349	874	3843	30	1	2
349	874	4298	11	1	2
349	874	4299	11	2	2
349	874	4300	11	3	2
349	874	4301	11	4	2
349	874	4302	11	5	2
349	874	4303	11	6	2
349	874	4304	11	7	2
349	874	4305	11	8	2
349	874	4306	11	9	2
349	874	4307	11	10	2
349	874	4308	11	11	2
349	874	4309	11	12	2
349	874	4310	11	13	2
349	874	4311	11	14	2
349	874	4312	11	15	2
349	874	4313	11	16	2
349	874	4437	1	1	2
349	874	4438	26	1	2
349	874	4457	5	1	2
349	874	4481	10	1	2
349	875	2436	22	1	2
349	875	2438	23	1	2
349	875	2439	24	1	2
349	875	2441	28	1	2
349	875	2442	2	1	2
349	875	2444	22	1	2
349	875	2445	22	2	2
349	875	2451	22	1	2
349	875	3819	15	1	2
349	875	3820	22	1	2
349	875	3821	22	2	2
349	875	3822	11	1	2
349	875	3823	11	2	2
349	875	3824	11	3	2
349	875	3825	11	4	2
349	875	3826	11	5	2
349	875	3827	11	6	2
349	875	3828	11	7	2
349	875	3829	11	8	2
349	875	3830	11	9	2
349	875	3831	11	10	2
349	875	3832	11	11	2
349	875	3833	11	12	2
349	875	3834	11	13	2
349	875	3835	11	14	2
349	875	3836	11	15	2
349	875	3837	11	16	2
349	875	3838	12	1	2
349	875	3839	16	1	2
349	875	3840	16	2	2
349	875	3841	17	1	2
349	875	3842	17	2	2
349	875	3843	30	1	2
349	875	4483	1	1	2
349	875	4484	26	1	2
349	875	4485	3	1	2
349	897	2436	22	1	2
349	897	2438	23	1	2
349	897	2439	24	1	2
349	897	2441	28	1	2
349	897	2442	2	1	2
349	897	2444	22	1	2
349	897	2445	22	2	2
349	897	2451	22	1	2
349	897	3819	15	1	2
349	897	3820	22	1	2
349	897	3821	22	2	2
349	897	3822	11	1	2
349	897	3823	11	2	2
349	897	3824	11	3	2
349	897	3825	11	4	2
349	897	3826	11	5	2
349	897	3827	11	6	2
349	897	3828	11	7	2
349	897	3829	11	8	2
349	897	3830	11	9	2
349	897	3831	11	10	2
349	897	3832	11	11	2
349	897	3833	11	12	2
349	897	3834	11	13	2
349	897	3835	11	14	2
349	897	3836	11	15	2
349	897	3837	11	16	2
349	897	3838	12	1	2
349	897	3839	16	1	2
349	897	3840	16	2	2
349	897	3841	17	1	2
349	897	3842	17	2	2
349	897	3843	30	1	2
349	897	4510	1	1	2
349	897	4511	26	1	2
349	897	4512	3	1	2
349	918	2436	22	1	2
349	918	2438	23	1	2
349	918	2439	24	1	2
349	918	2441	28	1	2
349	918	2442	2	1	2
349	918	2444	22	1	2
349	918	2445	22	2	2
349	918	2446	21	1	2
349	918	2447	16	1	2
349	918	2448	16	2	2
349	918	2449	17	1	2
349	918	2450	17	2	2
349	918	2451	22	1	2
349	918	4483	1	1	2
349	918	4484	26	1	2
349	918	4535	11	1	2
349	919	2436	22	1	2
349	919	2438	23	1	2
349	919	2439	24	1	2
349	919	2441	28	1	2
349	919	2442	2	1	2
349	919	2444	22	1	2
349	919	2445	22	2	2
349	919	2446	21	1	2
349	919	2447	16	1	2
349	919	2448	16	2	2
349	919	2449	17	1	2
349	919	2450	17	2	2
349	919	2451	22	1	2
349	919	4510	1	1	2
349	919	4511	26	1	2
349	919	4538	11	1	2
349	920	2436	22	1	2
349	920	2438	23	1	2
349	920	2439	24	1	2
349	920	2441	28	1	2
349	920	2442	2	1	2
349	920	2444	22	1	2
349	920	2445	22	2	2
349	920	2446	21	1	2
349	920	2447	16	1	2
349	920	2448	16	2	2
349	920	2449	17	1	2
349	920	2450	17	2	2
349	920	2451	22	1	2
349	920	3816	26	1	2
349	920	3817	1	1	2
349	920	4540	11	1	2
349	922	2436	22	1	2
349	922	2438	23	1	2
349	922	2439	24	1	2
349	922	2441	28	1	2
349	922	2442	2	1	2
349	922	2444	22	1	2
349	922	2445	22	2	2
349	922	2446	21	1	2
349	922	2447	16	1	2
349	922	2448	16	2	2
349	922	2449	17	1	2
349	922	2450	17	2	2
349	922	2451	22	1	2
349	922	4543	1	1	2
349	922	4544	11	1	2
349	922	4545	26	1	2
349	943	2436	22	1	2
349	943	2438	23	1	2
349	943	2439	24	1	2
349	943	2441	28	1	2
349	943	2442	2	1	2
349	943	2444	22	1	2
349	943	2445	22	2	2
349	943	2451	22	1	2
349	943	3819	15	1	2
349	943	3820	22	1	2
349	943	3821	22	2	2
349	943	3822	11	1	2
349	943	3823	11	2	2
349	943	3824	11	3	2
349	943	3825	11	4	2
349	943	3826	11	5	2
349	943	3827	11	6	2
349	943	3828	11	7	2
349	943	3829	11	8	2
349	943	3830	11	9	2
349	943	3831	11	10	2
349	943	3832	11	11	2
349	943	3833	11	12	2
349	943	3834	11	13	2
349	943	3835	11	14	2
349	943	3836	11	15	2
349	943	3837	11	16	2
349	943	3838	12	1	2
349	943	3839	16	1	2
349	943	3840	16	2	2
349	943	3841	17	1	2
349	943	3842	17	2	2
349	943	3843	30	1	2
349	943	4543	1	1	2
349	943	4545	26	1	2
349	943	4568	3	1	2
349	945	2436	22	1	2
349	945	2438	23	1	2
349	945	2439	24	1	2
349	945	2441	27	1	2
349	945	2442	2	1	2
349	945	2444	22	1	2
349	945	2446	21	1	2
349	945	2447	16	1	2
349	945	2448	16	2	2
349	945	2449	17	1	2
349	945	2450	17	2	2
349	945	2451	22	1	2
349	945	4572	1	1	2
349	945	4573	11	1	2
349	945	4574	13	1	2
349	945	4575	13	2	2
349	945	4576	13	3	2
349	945	4577	13	4	2
349	945	4578	13	5	2
349	945	4579	13	6	2
349	945	4580	13	7	2
349	945	4581	13	8	2
349	945	4582	13	9	2
349	945	4583	14	1	2
349	945	4584	14	2	2
349	945	4585	14	3	2
349	945	4586	14	4	2
349	945	4587	14	5	2
349	945	4588	14	6	2
349	945	4589	14	7	2
349	945	4590	26	1	2
349	966	2436	22	1	2
349	966	2438	23	1	2
349	966	2439	24	1	2
349	966	2441	28	1	2
349	966	2442	2	1	2
349	966	2444	22	1	2
349	966	2445	22	2	2
349	966	2451	22	1	2
349	966	3819	15	1	2
349	966	3820	22	1	2
349	966	3821	22	2	2
349	966	3838	12	1	2
349	966	3839	16	1	2
349	966	3840	16	2	2
349	966	3841	17	1	2
349	966	3842	17	2	2
349	966	3843	30	1	2
349	966	4572	1	1	2
349	966	4590	26	1	2
349	966	4613	3	1	2
349	966	4614	10	1	2
349	966	4615	10	2	2
349	966	4616	10	3	2
349	966	4617	10	4	2
349	966	4618	10	5	2
349	966	4619	10	6	2
349	966	4620	10	7	2
349	966	4621	10	8	2
349	966	4622	10	9	2
349	966	4623	11	1	2
349	966	4624	11	2	2
349	966	4625	11	3	2
349	966	4626	11	4	2
349	966	4627	11	5	2
349	966	4628	11	6	2
349	966	4629	11	7	2
349	968	2436	22	1	2
349	968	2438	23	1	2
349	968	2439	24	1	2
349	968	2441	28	1	2
349	968	2442	2	1	2
349	968	2444	22	1	2
349	968	2445	22	2	2
349	968	2451	22	1	2
349	968	3819	15	1	2
349	968	3820	22	1	2
349	968	3821	22	2	2
349	968	3822	11	1	2
349	968	3823	11	2	2
349	968	3824	11	3	2
349	968	3825	11	4	2
349	968	3826	11	5	2
349	968	3827	11	6	2
349	968	3828	11	7	2
349	968	3829	11	8	2
349	968	3830	11	9	2
349	968	3831	11	10	2
349	968	3832	11	11	2
349	968	3833	11	12	2
349	968	3834	11	13	2
349	968	3835	11	14	2
349	968	3836	11	15	2
349	968	3837	11	16	2
349	968	3838	12	1	2
349	968	3839	16	1	2
349	968	3840	16	2	2
349	968	3841	17	1	2
349	968	3842	17	2	2
349	968	3843	30	1	2
349	968	4632	1	1	2
349	968	4633	3	1	2
349	968	4634	26	1	2
349	989	2436	22	1	2
349	989	2438	23	1	2
349	989	2439	24	1	2
349	989	2441	28	1	2
349	989	2442	2	1	2
349	989	2444	22	1	2
349	989	2445	22	2	2
349	989	2446	21	1	2
349	989	2447	16	1	2
349	989	2448	16	2	2
349	989	2449	17	1	2
349	989	2450	17	2	2
349	989	2451	22	1	2
349	989	4632	1	1	2
349	989	4634	26	1	2
349	989	4657	11	1	2
349	991	2436	22	1	2
349	991	2438	23	1	2
349	991	2439	24	1	2
349	991	2441	28	1	2
349	991	2442	2	1	2
349	991	2444	22	1	2
349	991	2445	22	2	2
349	991	2451	22	1	2
349	991	3819	15	1	2
349	991	3820	22	1	2
349	991	3821	22	2	2
349	991	3839	16	1	2
349	991	3840	16	2	2
349	991	3841	17	1	2
349	991	3842	17	2	2
349	991	3843	30	1	2
349	991	4375	11	1	2
349	991	4376	11	2	2
349	991	4377	11	3	2
349	991	4378	11	4	2
349	991	4379	11	5	2
349	991	4380	11	6	2
349	991	4381	11	7	2
349	991	4382	11	8	2
349	991	4383	11	9	2
349	991	4384	11	10	2
349	991	4385	11	11	2
349	991	4386	11	12	2
349	991	4387	11	13	2
349	991	4388	11	14	2
349	991	4389	11	15	2
349	991	4390	11	16	2
349	991	4660	1	1	2
349	991	4661	26	1	2
349	991	4662	3	1	2
349	1060	2436	22	1	2
349	1060	2438	23	1	2
349	1060	2439	24	1	2
349	1060	2441	28	1	2
349	1060	2442	2	1	2
349	1060	2444	22	1	2
349	1060	2445	22	2	2
349	1060	2451	22	1	2
349	1060	3819	15	1	2
349	1060	3820	22	1	2
349	1060	3821	22	2	2
349	1060	3839	16	1	2
349	1060	3840	16	2	2
349	1060	3841	17	1	2
349	1060	3842	17	2	2
349	1060	3843	30	1	2
349	1060	4713	26	1	2
349	1060	4714	1	1	2
349	1060	4715	5	1	2
349	1060	4716	11	1	2
349	1060	4717	11	2	2
349	1060	4718	11	3	2
349	1060	4719	11	4	2
349	1060	4720	11	5	2
349	1060	4721	11	6	2
349	1060	4722	11	7	2
349	1060	4723	11	8	2
349	1060	4724	11	9	2
349	1060	4725	11	10	2
349	1060	4726	11	11	2
349	1060	4727	11	12	2
349	1060	4728	11	13	2
349	1060	4729	11	14	2
349	1060	4730	11	15	2
349	1060	4731	11	16	2
349	1082	2436	22	1	2
349	1082	2438	23	1	2
349	1082	2439	24	1	2
349	1082	2441	27	1	2
349	1082	2442	2	1	2
349	1082	2444	22	1	2
349	1082	2445	22	2	2
349	1082	2446	21	1	2
349	1082	2447	16	1	2
349	1082	2448	16	2	2
349	1082	2449	17	1	2
349	1082	2450	17	2	2
349	1082	2451	22	1	2
349	1082	4754	1	1	2
349	1082	4755	26	1	2
349	1082	4756	11	1	2
349	1082	4757	15	1	2
349	1082	4758	15	2	2
349	1082	4759	15	3	2
349	1082	4760	15	4	2
349	1082	4761	15	5	2
349	1082	4762	15	6	2
349	1082	4763	15	7	2
349	1082	4764	15	8	2
349	1082	4765	15	9	2
349	1082	4766	16	1	2
349	1082	4767	16	2	2
349	1082	4768	16	3	2
349	1082	4769	16	4	2
349	1082	4770	16	5	2
349	1082	4771	16	6	2
349	1082	4772	16	7	2
349	1104	2436	22	1	2
349	1104	2438	23	1	2
349	1104	2439	24	1	2
349	1104	2441	28	1	2
349	1104	2442	2	1	2
349	1104	2444	22	1	2
349	1104	2446	21	1	2
349	1104	2447	16	1	2
349	1104	2448	16	2	2
349	1104	2449	17	1	2
349	1104	2450	17	2	2
349	1104	2451	22	1	2
349	1104	4713	26	1	2
349	1104	4714	1	1	2
349	1104	4796	5	1	2
349	1104	4797	11	1	2
349	1104	4798	11	2	2
349	1104	4799	11	3	2
349	1104	4800	11	4	2
349	1104	4801	11	5	2
349	1104	4802	11	6	2
349	1104	4803	11	7	2
349	1104	4804	11	8	2
349	1104	4805	11	9	2
349	1104	4806	12	1	2
349	1104	4807	12	2	2
349	1104	4808	12	3	2
349	1104	4809	12	4	2
349	1104	4810	12	5	2
349	1104	4811	12	6	2
349	1104	4812	12	7	2
349	1106	2436	22	1	2
349	1106	2438	23	1	2
349	1106	2439	24	1	2
349	1106	2441	28	1	2
349	1106	2442	2	1	2
349	1106	2444	22	1	2
349	1106	2446	21	1	2
349	1106	2447	16	1	2
349	1106	2448	16	2	2
349	1106	2449	17	1	2
349	1106	2450	17	2	2
349	1106	2451	22	1	2
349	1106	4797	11	1	2
349	1106	4798	11	2	2
349	1106	4799	11	3	2
349	1106	4800	11	4	2
349	1106	4801	11	5	2
349	1106	4802	11	6	2
349	1106	4803	11	7	2
349	1106	4804	11	8	2
349	1106	4805	11	9	2
349	1106	4806	12	1	2
349	1106	4807	12	2	2
349	1106	4808	12	3	2
349	1106	4809	12	4	2
349	1106	4810	12	5	2
349	1106	4811	12	6	2
349	1106	4812	12	7	2
349	1106	4815	26	1	2
349	1106	4816	1	1	2
349	1106	4817	5	1	2
349	1106	4818	29	1	2
349	1106	4819	29	2	2
349	1127	2436	22	1	2
349	1127	2438	23	1	2
349	1127	2439	24	1	2
349	1127	2441	28	1	2
349	1127	2442	2	1	2
349	1127	2444	22	1	2
349	1127	2445	22	2	2
349	1127	2451	22	1	2
349	1127	3819	15	1	2
349	1127	3820	22	1	2
349	1127	3821	22	2	2
349	1127	3839	16	1	2
349	1127	3840	16	2	2
349	1127	3841	17	1	2
349	1127	3842	17	2	2
349	1127	3843	30	1	2
349	1127	4716	11	1	2
349	1127	4717	11	2	2
349	1127	4718	11	3	2
349	1127	4719	11	4	2
349	1127	4720	11	5	2
349	1127	4721	11	6	2
349	1127	4722	11	7	2
349	1127	4723	11	8	2
349	1127	4724	11	9	2
349	1127	4725	11	10	2
349	1127	4726	11	11	2
349	1127	4727	11	12	2
349	1127	4728	11	13	2
349	1127	4729	11	14	2
349	1127	4730	11	15	2
349	1127	4731	11	16	2
349	1127	4815	26	1	2
349	1127	4816	1	1	2
349	1127	4842	5	1	2
349	1127	4843	29	1	2
349	1127	4844	29	1	2
349	1129	2436	22	1	2
349	1129	2438	23	1	2
349	1129	2439	24	1	2
349	1129	2441	28	1	2
349	1129	2442	2	1	2
349	1129	2444	22	1	2
349	1129	2445	22	2	2
349	1129	2446	21	1	2
349	1129	2447	16	1	2
349	1129	2448	16	2	2
349	1129	2449	17	1	2
349	1129	2450	17	2	2
349	1129	2451	22	1	2
349	1129	4847	1	1	2
349	1129	4848	11	1	2
349	1129	4849	26	1	2
349	1150	2436	22	1	2
349	1150	2438	23	1	2
349	1150	2439	24	1	2
349	1150	2441	28	1	2
349	1150	2442	2	1	2
349	1150	2444	22	1	2
349	1150	2445	22	2	2
349	1150	2451	22	1	2
349	1150	3819	15	1	2
349	1150	3820	22	1	2
349	1150	3821	22	2	2
349	1150	3822	11	1	2
349	1150	3823	11	2	2
349	1150	3824	11	3	2
349	1150	3825	11	4	2
349	1150	3826	11	5	2
349	1150	3827	11	6	2
349	1150	3828	11	7	2
349	1150	3829	11	8	2
349	1150	3830	11	9	2
349	1150	3831	11	10	2
349	1150	3832	11	11	2
349	1150	3833	11	12	2
349	1150	3834	11	13	2
349	1150	3835	11	14	2
349	1150	3836	11	15	2
349	1150	3837	11	16	2
349	1150	3838	12	1	2
349	1150	3839	16	1	2
349	1150	3840	16	2	2
349	1150	3841	17	1	2
349	1150	3842	17	2	2
349	1150	3843	30	1	2
349	1150	4847	1	1	2
349	1150	4849	26	1	2
349	1150	4872	3	1	2
349	1152	2436	22	1	2
349	1152	2438	23	1	2
349	1152	2439	24	1	2
349	1152	2441	28	1	2
349	1152	2442	2	1	2
349	1152	2444	22	1	2
349	1152	2445	22	2	2
349	1152	2451	22	1	2
349	1152	3819	15	1	2
349	1152	3820	22	1	2
349	1152	3821	22	2	2
349	1152	3822	11	1	2
349	1152	3823	11	2	2
349	1152	3824	11	3	2
349	1152	3825	11	4	2
349	1152	3826	11	5	2
349	1152	3827	11	6	2
349	1152	3828	11	7	2
349	1152	3829	11	8	2
349	1152	3830	11	9	2
349	1152	3831	11	10	2
349	1152	3832	11	11	2
349	1152	3833	11	12	2
349	1152	3834	11	13	2
349	1152	3835	11	14	2
349	1152	3836	11	15	2
349	1152	3837	11	16	2
349	1152	3838	12	1	2
349	1152	3839	16	1	2
349	1152	3840	16	2	2
349	1152	3841	17	1	2
349	1152	3842	17	2	2
349	1152	3843	30	1	2
349	1152	4875	26	1	2
349	1152	4876	1	1	2
349	1152	4877	3	1	2
349	1173	2436	22	1	2
349	1173	2438	23	1	2
349	1173	2439	24	1	2
349	1173	2441	27	1	2
349	1173	2442	2	1	2
349	1173	2444	22	1	2
349	1173	2445	22	2	2
349	1173	2446	21	1	2
349	1173	2447	16	1	2
349	1173	2448	16	2	2
349	1173	2449	17	1	2
349	1173	2450	17	2	2
349	1173	2451	22	1	2
349	1173	4456	28	1	2
349	1173	4457	5	1	2
349	1173	4900	26	1	2
349	1173	4901	1	1	2
349	1173	4902	11	1	2
349	1173	4903	15	1	2
349	1173	4904	15	2	2
349	1173	4905	15	3	2
349	1173	4906	15	4	2
349	1173	4907	15	5	2
349	1173	4908	15	6	2
349	1173	4909	15	7	2
349	1173	4910	15	8	2
349	1173	4911	15	9	2
349	1173	4912	16	1	2
349	1173	4913	16	2	2
349	1173	4914	16	3	2
349	1173	4915	16	4	2
349	1173	4916	16	5	2
349	1173	4917	16	6	2
349	1173	4918	16	7	2
349	1173	4919	30	1	2
349	1194	2436	22	1	2
349	1194	2438	23	1	2
349	1194	2439	24	1	2
349	1194	2441	28	1	2
349	1194	2442	2	1	2
349	1194	2444	22	1	2
349	1194	2445	22	2	2
349	1194	2451	22	1	2
349	1194	3819	15	1	2
349	1194	3820	22	1	2
349	1194	3821	22	2	2
349	1194	3838	12	1	2
349	1194	3839	16	1	2
349	1194	3840	16	2	2
349	1194	3841	17	1	2
349	1194	3842	17	2	2
349	1194	3843	30	1	2
349	1194	4298	11	1	2
349	1194	4299	11	2	2
349	1194	4300	11	3	2
349	1194	4301	11	4	2
349	1194	4302	11	5	2
349	1194	4303	11	6	2
349	1194	4304	11	7	2
349	1194	4305	11	8	2
349	1194	4306	11	9	2
349	1194	4307	11	10	2
349	1194	4308	11	11	2
349	1194	4309	11	12	2
349	1194	4310	11	13	2
349	1194	4311	11	14	2
349	1194	4312	11	15	2
349	1194	4313	11	16	2
349	1194	4457	5	1	2
349	1194	4900	26	1	2
349	1194	4901	1	1	2
349	1194	4944	10	1	2
349	1194	4945	32	1	2
349	1195	2436	22	1	2
349	1195	2438	23	1	2
349	1195	2439	24	1	2
349	1195	2441	28	1	2
349	1195	2442	2	1	2
349	1195	2444	22	1	2
349	1195	2445	22	2	2
349	1195	2446	21	1	2
349	1195	2447	16	1	2
349	1195	2448	16	2	2
349	1195	2449	17	1	2
349	1195	2450	17	2	2
349	1195	2451	22	1	2
349	1195	4875	26	1	2
349	1195	4876	1	1	2
349	1195	4947	11	1	2
349	1198	2436	22	1	2
349	1198	2438	23	1	2
349	1198	2439	24	1	2
349	1198	2441	28	1	2
349	1198	2442	2	1	2
349	1198	2444	22	1	2
349	1198	2445	22	2	2
349	1198	2446	21	1	2
349	1198	2447	16	1	2
349	1198	2448	16	2	2
349	1198	2449	17	1	2
349	1198	2450	17	2	2
349	1198	2451	22	1	2
349	1198	4952	1	1	2
349	1198	4953	26	1	2
349	1198	4954	11	1	2
349	1219	2436	22	1	2
349	1219	2438	23	1	2
349	1219	2439	24	1	2
349	1219	2441	28	1	2
349	1219	2442	2	1	2
349	1219	2444	22	1	2
349	1219	2445	22	2	2
349	1219	2451	22	1	2
349	1219	3819	15	1	2
349	1219	3820	22	1	2
349	1219	3821	22	2	2
349	1219	3822	11	1	2
349	1219	3823	11	2	2
349	1219	3824	11	3	2
349	1219	3825	11	4	2
349	1219	3826	11	5	2
349	1219	3827	11	6	2
349	1219	3828	11	7	2
349	1219	3829	11	8	2
349	1219	3830	11	9	2
349	1219	3831	11	10	2
349	1219	3832	11	11	2
349	1219	3833	11	12	2
349	1219	3834	11	13	2
349	1219	3835	11	14	2
349	1219	3836	11	15	2
349	1219	3837	11	16	2
349	1219	3838	12	1	2
349	1219	3839	16	1	2
349	1219	3840	16	2	2
349	1219	3841	17	1	2
349	1219	3842	17	2	2
349	1219	3843	30	1	2
349	1219	4952	1	1	2
349	1219	4953	26	1	2
349	1219	4977	3	1	2
349	1221	2436	22	1	2
349	1221	2438	23	1	2
349	1221	2439	24	1	2
349	1221	2441	28	1	2
349	1221	2442	2	1	2
349	1221	2444	22	1	2
349	1221	2445	22	2	2
349	1221	2451	22	1	2
349	1221	3819	15	1	2
349	1221	3820	22	1	2
349	1221	3821	22	2	2
349	1221	3838	12	1	2
349	1221	3839	16	1	2
349	1221	3840	16	2	2
349	1221	3841	17	1	2
349	1221	3842	17	2	2
349	1221	3843	30	1	2
349	1221	4298	11	1	2
349	1221	4299	11	2	2
349	1221	4300	11	3	2
349	1221	4301	11	4	2
349	1221	4302	11	5	2
349	1221	4303	11	6	2
349	1221	4304	11	7	2
349	1221	4305	11	8	2
349	1221	4306	11	9	2
349	1221	4307	11	10	2
349	1221	4308	11	11	2
349	1221	4309	11	12	2
349	1221	4310	11	13	2
349	1221	4311	11	14	2
349	1221	4312	11	15	2
349	1221	4313	11	16	2
349	1221	4457	5	1	2
349	1221	4980	26	1	2
349	1221	4981	1	1	2
349	1221	4982	10	1	2
349	1242	2436	22	1	2
349	1242	2438	23	1	2
349	1242	2439	24	1	2
349	1242	2441	27	1	2
349	1242	2442	2	1	2
349	1242	2444	22	1	2
349	1242	2445	22	2	2
349	1242	2446	21	1	2
349	1242	2447	16	1	2
349	1242	2448	16	2	2
349	1242	2449	17	1	2
349	1242	2450	17	2	2
349	1242	2451	22	1	2
349	1242	4456	28	1	2
349	1242	4457	5	1	2
349	1242	4980	26	1	2
349	1242	4981	1	1	2
349	1242	5005	11	1	2
349	1242	5006	15	1	2
349	1242	5007	15	2	2
349	1242	5008	15	3	2
349	1242	5009	15	4	2
349	1242	5010	15	5	2
349	1242	5011	15	6	2
349	1242	5012	15	7	2
349	1242	5013	15	8	2
349	1242	5014	15	9	2
349	1242	5015	16	1	2
349	1242	5016	16	2	2
349	1242	5017	16	3	2
349	1242	5018	16	4	2
349	1242	5019	16	5	2
349	1242	5020	16	6	2
349	1242	5021	16	7	2
349	1243	2436	22	1	2
349	1243	2438	23	1	2
349	1243	2439	24	1	2
349	1243	2441	28	1	2
349	1243	2442	2	1	2
349	1243	2444	22	1	2
349	1243	2445	22	2	2
349	1243	2451	22	1	2
349	1243	3819	15	1	2
349	1243	3820	22	1	2
349	1243	3821	22	2	2
349	1243	3822	11	1	2
349	1243	3823	11	2	2
349	1243	3824	11	3	2
349	1243	3825	11	4	2
349	1243	3826	11	5	2
349	1243	3827	11	6	2
349	1243	3828	11	7	2
349	1243	3829	11	8	2
349	1243	3830	11	9	2
349	1243	3831	11	10	2
349	1243	3832	11	11	2
349	1243	3833	11	12	2
349	1243	3834	11	13	2
349	1243	3835	11	14	2
349	1243	3836	11	15	2
349	1243	3837	11	16	2
349	1243	3838	12	1	2
349	1243	3839	16	1	2
349	1243	3840	16	2	2
349	1243	3841	17	1	2
349	1243	3842	17	2	2
349	1243	3843	30	1	2
349	1243	5023	26	1	2
349	1243	5024	1	1	2
349	1243	5025	3	1	2
349	1266	5051	1	1	2
349	1268	2442	2	1	2
349	1268	2443	1	1	2
349	1268	5209	11	1	2
349	1268	5210	20	1	2
349	1323	2442	2	1	2
349	1323	3272	1	1	2
349	1323	5210	11	3	2
349	1323	6006	11	1	2
349	1323	6007	11	1	2
349	1323	6008	11	2	2
349	1358	3485	2	1	2
349	1358	6045	1	1	2
349	1358	6046	11	1	2
349	1358	6047	12	1	2
349	1358	6048	17	1	2
349	1358	6049	13	1	2
349	1358	6050	14	1	2
349	1358	6051	15	1	2
349	1358	6052	16	1	2
349	1367	2442	2	1	2
349	1367	3300	1	1	2
349	1367	5210	20	1	2
349	1367	6054	11	1	2
349	1397	2442	2	1	2
349	1397	3330	1	1	2
349	1397	6086	11	1	2
349	1419	2442	2	1	2
349	1419	3356	1	1	2
349	1419	6109	11	1	2
349	1449	2442	2	1	2
349	1449	3391	22	1	2
349	1449	3392	1	1	2
349	1449	6158	11	1	2
349	1449	6159	33	1	2
349	1480	2442	2	1	2
349	1480	3420	1	1	2
349	1480	5210	11	3	2
349	1480	6007	11	1	2
349	1480	6008	11	2	2
349	1480	6191	11	1	2
349	1535	2442	2	1	2
349	1535	3458	1	1	2
349	1535	5210	20	1	2
349	1535	6249	11	1	2
349	1578	2442	2	1	2
349	1578	3420	1	1	2
349	1578	6305	11	1	2
349	1584	2442	2	1	2
349	1584	3501	1	1	2
349	1584	5210	20	1	2
349	1584	6311	11	1	2
349	1601	2442	2	1	2
349	1601	3521	1	1	2
349	1601	5210	20	1	2
349	1601	6332	11	1	2
349	1624	2442	2	1	2
349	1624	3548	1	1	2
349	1624	5210	11	3	2
349	1624	6007	11	1	2
349	1624	6008	11	2	2
349	1624	6361	11	1	2
349	1660	2442	2	1	2
349	1660	3617	1	1	2
349	1660	5210	11	4	2
349	1660	6007	11	1	2
349	1660	6008	11	2	2
349	1660	6400	12	1	2
349	1660	6401	11	3	2
349	1685	2442	2	1	2
349	1685	3574	1	1	2
349	1685	5210	20	1	2
349	1685	6427	11	1	2
349	1724	2442	2	1	2
349	1724	3643	0	1	2
349	1724	5210	20	1	2
349	1724	6463	11	1	2
349	1749	2439	6	1	2
349	1749	2442	5	1	2
349	1749	6159	33	1	2
349	1749	6491	1	1	2
349	1749	6492	11	1	2
349	1749	6493	6	1	2
349	1749	6494	11	1	2
349	1749	6495	11	2	2
349	1749	6496	11	3	2
349	1749	6497	11	4	2
349	1749	6498	11	5	2
349	1749	6499	12	1	2
349	1778	2442	2	1	2
349	1778	3688	1	1	2
349	1778	6007	11	2	2
349	1778	6008	11	3	2
349	1778	6536	11	1	2
349	1799	2439	6	1	2
349	1799	2442	5	1	2
349	1799	4713	12	1	2
349	1799	4714	1	1	2
349	1799	6159	33	1	2
349	1799	6493	6	1	2
349	1799	6494	11	1	2
349	1799	6495	11	2	2
349	1799	6496	11	3	2
349	1799	6497	11	4	2
349	1799	6498	11	5	2
349	1799	6558	10	1	2
349	1828	2442	2	1	2
349	1828	3724	1	1	2
349	1828	5210	20	1	2
349	1828	6593	11	1	2
349	1897	2442	2	1	2
349	1897	3766	1	1	2
349	1897	5210	20	1	2
349	1897	6668	11	1	2
349	1932	2442	2	1	2
349	1932	3817	1	1	2
349	1932	5210	11	3	2
349	1932	6007	11	1	2
349	1932	6008	11	2	2
349	1932	6712	11	1	2
349	2042	2442	2	1	2
349	2042	4373	1	1	2
349	2042	5210	20	1	2
349	2042	6796	11	1	2
349	2067	2442	2	1	2
349	2067	4393	1	1	2
349	2067	5210	20	1	2
349	2067	6824	11	1	2
349	2095	2442	2	1	2
349	2095	4437	1	1	2
349	2095	5210	20	1	2
349	2095	6852	11	1	2
349	2162	2442	2	1	2
349	2162	4483	1	1	2
349	2162	6007	11	1	2
349	2162	6008	11	2	2
349	2162	6911	11	1	2
349	2184	2442	2	1	2
349	2184	4510	1	1	2
349	2184	6007	11	1	2
349	2184	6008	11	2	2
349	2184	6937	11	1	2
349	2210	2442	2	1	2
349	2210	4543	1	1	2
349	2210	6007	11	1	2
349	2210	6008	11	2	2
349	2210	6967	11	1	2
349	2238	2442	2	1	2
349	2238	4572	1	1	2
349	2238	5210	20	1	2
349	2238	7000	11	1	2
349	2283	2442	2	1	2
349	2283	4660	1	1	2
349	2283	5210	20	1	2
349	2283	7029	11	1	2
349	2312	2442	2	1	2
349	2312	4632	1	1	2
349	2312	6007	11	1	2
349	2312	6008	11	2	2
349	2312	7057	11	1	2
349	2430	2439	6	1	2
349	2430	2442	5	1	2
349	2430	4815	12	1	2
349	2430	4816	1	1	2
349	2430	6159	33	1	2
349	2430	6493	6	1	2
349	2430	6494	11	1	2
349	2430	6495	11	2	2
349	2430	6496	11	3	2
349	2430	6497	11	4	2
349	2430	6498	11	5	2
349	2430	7134	11	1	2
349	2430	7135	7	1	2
349	2430	7136	8	1	2
349	2458	2442	2	1	2
349	2458	4754	1	1	2
349	2458	5210	20	1	2
349	2458	7165	11	1	2
349	2482	2442	2	1	2
349	2482	4847	1	1	2
349	2482	6007	11	1	2
349	2482	6008	11	2	2
349	2482	7191	11	1	2
349	2511	2442	2	1	2
349	2511	4876	1	1	2
349	2511	6007	11	1	2
349	2511	6008	11	2	2
349	2511	7222	11	1	2
349	2537	2442	2	1	2
349	2537	4901	1	1	2
349	2537	5210	20	1	2
349	2537	7251	11	1	2
349	2537	7252	30	1	2
349	2581	2442	2	1	2
349	2581	4952	1	1	2
349	2581	6007	11	1	2
349	2581	6008	11	2	2
349	2581	7293	11	1	2
349	2605	2442	2	1	2
349	2605	4981	1	1	2
349	2605	5210	20	1	2
349	2605	7321	11	1	2
349	2661	2442	2	1	2
349	2661	5024	1	1	2
349	2661	6007	11	1	2
349	2661	6008	11	2	2
349	2661	7370	11	1	2
349	2795	7471	1	1	2
349	2795	7472	3	1	2
349	2795	7473	3	2	2
349	2795	7474	2	1	2
349	2795	7475	2	2	2
349	2795	7476	3	1	2
349	2795	7477	3	2	2
349	2795	7478	2	1	2
349	2795	7479	2	2	2
349	2795	7484	2	1	2
349	2795	7485	2	2	2
349	2795	7490	10	1	2
349	2795	7491	2	1	2
349	2795	7492	2	2	2
349	2795	7493	2	3	2
349	2795	7494	2	4	2
349	2795	7495	2	5	2
349	2795	7496	2	6	2
349	2795	7497	2	7	2
349	2795	7498	2	8	2
349	2795	7499	2	9	2
349	2795	7500	2	10	2
349	2795	7501	2	11	2
349	2795	7502	2	12	2
349	2894	7695	1	1	2
349	2898	7715	1	1	2
349	2913	7742	1	1	2
349	2920	7762	3	1	2
349	2920	7763	3	2	2
349	2920	7764	0	1	2
349	2920	7765	1	1	2
349	2920	7766	20	1	2
349	2920	7767	3	1	2
349	2943	7762	5	1	2
349	2943	7763	13	1	2
349	2943	7764	1	1	2
349	2943	7766	20	1	2
349	2943	7767	13	1	2
349	2943	7903	1	1	2
349	2964	7762	5	1	2
349	2964	7763	13	1	2
349	2964	7764	1	1	2
349	2964	7766	20	1	2
349	2964	7767	13	1	2
349	2964	7925	1	1	2
349	2986	7763	9913	1	2
349	2986	7766	9920	1	2
349	2986	7767	9913	1	2
349	2986	7903	1	1	2
349	2986	7948	1	2	2
349	2986	7949	5	1	2
349	2986	7952	9913	1	2
349	3018	7763	9913	1	2
349	3018	7766	9920	1	2
349	3018	7767	9913	1	2
349	3018	7925	1	1	2
349	3018	7948	1	2	2
349	3018	7949	5	1	2
349	3018	7952	9913	1	2
349	3018	7982	6	1	2
349	3111	8081	0	1	2
349	3113	8081	0	1	2
349	3114	8081	0	1	2
349	3115	8081	0	1	2
349	3116	8081	0	1	2
349	3159	424	4	1	2
349	3159	8145	1	1	2
349	3159	8161	2	1	2
349	3159	8162	3	1	2
349	3159	8163	5	1	2
349	3159	8167	1	1	2
349	3159	8168	5	1	2
349	3159	8169	6	1	2
349	3159	8170	7	1	2
349	3247	2439	3	1	2
349	3247	8342	3	2	2
349	3247	8343	1	1	2
349	3247	8344	10	1	2
349	3247	8345	10	2	2
349	3247	8346	10	3	2
349	3247	8347	3	1	2
349	3247	8348	1	1	2
349	3284	8414	1	1	2
349	3285	8415	0	1	2
349	3286	8416	1	1	2
349	3287	8417	1	1	2
349	3288	8417	1	1	2
349	3289	8417	1	1	2
349	3290	8416	1	1	2
349	3291	8416	1	1	2
349	3292	8417	1	1	2
349	3313	8441	0	1	2
349	3314	8442	0	1	2
349	3322	8451	0	1	2
349	3324	8453	0	1	2
349	3328	8457	0	1	2
349	3330	8459	0	1	2
349	3337	8468	0	1	2
